kmer,A,C,G,T
CTGGC,0.03760252365930599,0.01138801261829653,0.8828391167192429,0.06817034700315458
TGGCT,0.038619328171751136,0.028285881736019,0.897097381165366,0.03599740892686388
GGCTA,0.04023830127138388,0.9047127737469214,0.018604805964188245,0.03644411901750649
GCTAC,0.0389198131133615,0.05065611517224421,0.03802561867077996,0.8723984530436143
CTACA,0.8804848030821918,0.03831335616438356,0.017043022260273974,0.06415881849315068
TACAC,0.04986854617665156,0.8205515466800918,0.009341612127314426,0.12023829501594227
ACACC,0.8845683541208119,0.04139153827341648,0.02500611396429445,0.04903399364147713
CACCT,0.05295566502463054,0.898678907299597,0.01505821764442454,0.03330721003134796
ACCTT,0.039392920205162704,0.9115446060707979,0.02371142688976709,0.02535104683427226
CCTTC,0.03814994213211025,0.010416220155171674,0.040936173860859876,0.9104976638518582
CTTCA,0.03071104387291982,0.026210287443267775,0.04190620272314675,0.9011724659606657
TTCAC,0.047557603686635946,0.899852534562212,0.013179723502304147,0.039410138248847926
TCACC,0.8585106382978723,0.052245862884160756,0.037115839243498816,0.052127659574468084
CACCA,0.0631531122217174,0.8787564094242877,0.03394560913870319,0.02414486921529175
ACCAG,0.04003924213624379,0.9285057330308418,0.009565270709424244,0.021889754123490097
CCAGC,0.8871785746062817,0.033188006050360354,0.04386511255449773,0.03576830678886022
CAGCT,0.09140694209551421,0.04292502214705646,0.8287831199162439,0.03688491584118547
AGCTA,0.03519223343813779,0.8844392961553312,0.026807876882343207,0.053560593524187766
CTACT,0.9033299749412281,0.040507375545738716,0.028339662610762355,0.02782298690227079
TACTG,0.051562792438704846,0.894488115291035,0.021149167134568596,0.032799925135691556
ACTGG,0.039868667917448405,0.017510944340212633,0.04825932874713362,0.8943610589952053
CTGGA,0.03639422855298945,0.009104319365694002,0.9000829760752317,0.05441847600608491
TGGAT,0.0344795277803804,0.022205565445516724,0.9051812986039539,0.03813360817014897
GGATT,0.8183905532473212,0.07697354034550623,0.035643997375902035,0.0689919090312705
GATTC,0.04378607994771811,0.006317394619322514,0.046400174272955015,0.9034963511600044
ATTCA,0.026443498068733286,0.02362087748836288,0.03679310686342478,0.9131425175794791
TTCAG,0.057067859226132604,0.8862531596344546,0.015944001555512347,0.040734979583900446
TCAGC,0.8751576292559899,0.04665825977301387,0.03530895334174023,0.04287515762925599
AGCTT,0.06717687074829932,0.8767006802721088,0.0195578231292517,0.036564625850340135
GCTTC,0.04641673042591176,0.011476664116296864,0.048457026268808975,0.8936495791889824
TTCAA,0.07425887877898445,0.8711476372174934,0.02083944819489287,0.03375403580862929
TCAAT,0.8866197183098592,0.06056338028169014,0.02535211267605634,0.027464788732394368
CAATA,0.8352788586251622,0.08754863813229571,0.040207522697795074,0.03696498054474708
AATAC,0.07452574525745258,0.06571815718157181,0.0494579945799458,0.8102981029810298
ATACC,0.8661671469740634,0.030893371757925073,0.062478386167146974,0.040461095100864555
TACCT,0.08037565556775217,0.8736431272106354,0.02512501524576168,0.020856201975850714
ACCTA,0.0398489932885906,0.9222595078299777,0.01174496644295302,0.026146532438478746
CCTAC,0.07178841309823678,0.018891687657430732,0.05793450881612091,0.8513853904282116
CTACG,0.8780852655198205,0.060334081276489655,0.030167040638244828,0.031413612565445025
TACGC,0.051924798567591766,0.8955535660996717,0.028349746344374812,0.024171888988361683
ACGCC,0.06503067484662577,0.02147239263803681,0.8429447852760736,0.0705521472392638
CGCCA,0.10579345088161209,0.7896725440806045,0.06801007556675064,0.036523929471032744
GCCAT,0.06954732510288066,0.8897119341563786,0.02263374485596708,0.01810699588477366
ACACA,0.7139548349739433,0.034510712217718585,0.021887666473653734,0.2296467863346844
CACAT,0.033607681755829906,0.9444444444444444,0.010173754000914494,0.011774119798811157
ACATT,0.883016208597604,0.05919661733615222,0.022198731501057084,0.03558844256518675
CATTT,0.03441295546558704,0.03643724696356275,0.0398110661268556,0.8893387314439946
ATTTA,0.025797691785471828,0.0373387644263408,0.05091649694501019,0.8859470468431772
TTTAC,0.028020211299954065,0.04180064308681672,0.03904455672944419,0.891134588883785
TTACC,0.8353982300884956,0.0743362831858407,0.024778761061946902,0.06548672566371681
TACCA,0.05812897366030881,0.8873751135331517,0.02633969118982743,0.02815622161671208
GGCTT,0.05684344236265481,0.8745633534455383,0.029850746268656716,0.0387424579231502
TCAAC,0.849308300395257,0.036561264822134384,0.015316205533596838,0.09881422924901186
CAACA,0.648792270531401,0.1246376811594203,0.022222222222222223,0.20434782608695654
AACAT,0.04485327656986468,0.7673711418579899,0.013684050478941766,0.17409153109320358
CATTA,0.0372357210476491,0.024613442726412117,0.057431366361628274,0.8807194698643105
ATTAA,0.029022082018927444,0.04889589905362776,0.04069400630914827,0.8813880126182966
TTAAA,0.9072294191391559,0.042206435436690344,0.020058503969912243,0.030505641454241537
TAAAG,0.8608695652173913,0.07950310559006211,0.029192546583850933,0.030434782608695653
AAAGA,0.8217391304347826,0.084472049689441,0.03850931677018633,0.055279503105590065
AAGAC,0.09006211180124224,0.013043478260869565,0.8397515527950311,0.05714285714285714
AGACT,0.8473029045643153,0.056431535269709544,0.06473029045643154,0.03153526970954357
GACTA,0.0383167978104687,0.9280277112555594,0.012230585015395142,0.021424905918576806
ACTAC,0.02551487414187643,0.028146453089244853,0.06885011441647597,0.8774885583524027
TACTA,0.03049865297616022,0.8450160117928125,0.013978549280740101,0.11050678595028719
ACTAT,0.06308762692741632,0.02068446784505453,0.045693869875893196,0.870534035351636
CTATA,0.6606922126081582,0.038566131025957975,0.2477132262051916,0.05302843016069221
TATAT,0.028469750889679714,0.04402267035718993,0.2820614208514564,0.6454461579016739
TACTC,0.042199700947001165,0.9177604253198206,0.011131417178933378,0.028908456554244892
ACTCC,0.04018864055771991,0.014763174082427721,0.02911625999589912,0.9159319253639533
CTCCA,0.04576891781936534,0.9135475996745321,0.016069975589910496,0.024613506916192025
TCCAT,0.3267005076142132,0.6548223350253807,0.005685279187817259,0.012791878172588832
CCATC,0.9208575435784412,0.033660589060308554,0.01582849128431176,0.02965337607693849
CATCA,0.04027249048286916,0.031456621919455016,0.039871769184532155,0.8883991184131437
ATCAC,0.05445047217199116,0.903757283504119,0.010247136829415311,0.03154510749447458
CCAGT,0.906781317178034,0.04025796365057651,0.023255813953488372,0.029704905217901114
CAGTG,0.04893092105263158,0.01425438596491228,0.8770559210526315,0.05975877192982456
AGTGG,0.014175488964650996,0.02691548537591961,0.036246186972905076,0.9226628386865243
GTGGT,0.052371134020618555,0.010721649484536083,0.8752577319587629,0.061649484536082474
TGGTT,0.23622269203664553,0.01719520789288231,0.7116279069767442,0.03495419309372798
GGTTA,0.012372512957699382,0.019561946162849023,0.035111185420498243,0.9329543554589533
GTTAT,0.027055369127516778,0.010067114093959731,0.0199244966442953,0.9429530201342282
TTATT,0.874700445053064,0.05169462512838069,0.030811365970558027,0.04279356384799726
TATTA,0.027525252525252526,0.026767676767676767,0.06439393939393939,0.8813131313131313
ATTAC,0.04751131221719457,0.013780337309749074,0.04607157548334019,0.8926367749897162
TTACT,0.8690161527165933,0.06020558002936858,0.03773861967694567,0.03303964757709251
TCACT,0.8730453537834761,0.04232820082679288,0.01875262117308729,0.0658738242166437
CACTG,0.03476119342726795,0.8702006540433607,0.031369857483144255,0.06366829504622713
ACTGA,0.02634449198758285,0.08784293984394664,0.0226948569510865,0.863117711217384
CTGAC,0.4026458616010855,0.007608063578212832,0.5556309362279511,0.03411513859275053
TGACT,0.4701552519142096,0.14273023393544565,0.37425441008502897,0.012860104065315792
GCTTT,0.06683168316831684,0.0049504950495049506,0.06930693069306931,0.8589108910891089
CTTTA,0.021739130434782608,0.00919732441471572,0.027591973244147156,0.9414715719063546
TTTAA,0.024691358024691357,0.05432098765432099,0.03950617283950617,0.8814814814814815
TTAAC,0.8752122241086587,0.06451612903225806,0.021222410865874362,0.03904923599320883
TAACA,0.8564356435643564,0.06435643564356436,0.04950495049504951,0.0297029702970297
AGACG,0.837037037037037,0.06172839506172839,0.07654320987654321,0.024691358024691357
GACGA,0.05185185185185185,0.8938271604938272,0.02962962962962963,0.024691358024691357
ACGAC,0.1037037037037037,0.0024691358024691358,0.8296296296296296,0.06419753086419754
CGACT,0.8419753086419753,0.0345679012345679,0.08148148148148149,0.04197530864197531
TGACC,0.888631090487239,0.05104408352668213,0.03480278422273782,0.025522041763341066
GACCA,0.0568445475638051,0.8990719257540604,0.016241299303944315,0.027842227378190254
ACCAT,0.06433166547533953,0.8934953538241601,0.016440314510364547,0.02573266619013581
CCATA,0.9188876013904983,0.030127462340672075,0.02085747392815759,0.030127462340672075
CATAC,0.03713527851458886,0.03050397877984085,0.042440318302387266,0.889920424403183
ATACT,0.7980187121629059,0.040176114474408366,0.10236653824986242,0.05943863511282334
CAGGA,0.06325301204819277,0.009036144578313253,0.8509036144578314,0.07680722891566265
AGGAA,0.03231017770597738,0.0210016155088853,0.8998384491114702,0.046849757673667204
GGAAT,0.8500619578686494,0.07118270687043922,0.04006608839322594,0.03868924686768553
GAATC,0.8659127625201939,0.025848142164781908,0.03877221324717286,0.06946688206785137
AATCG,0.05654281098546042,0.025848142164781908,0.046849757673667204,0.8707592891760905
ATCGA,0.03877221324717286,0.8966074313408724,0.01938610662358643,0.045234248788368334
TCGAT,0.06279434850863422,0.0031397174254317113,0.8854003139717426,0.04866562009419152
CGATT,0.9010989010989011,0.04709576138147567,0.029827315541601257,0.02197802197802198
GATTT,0.04436450839328537,0.023980815347721823,0.05995203836930456,0.8717026378896883
ATTTT,0.04081632653061224,0.0015698587127158557,0.06750392464678179,0.8901098901098901
TTTTA,0.023892483822797413,0.012941762070681932,0.07267297162767546,0.8904927824788452
TTTAG,0.01708150317227916,0.04441190824792582,0.04050756466569058,0.8979990239141045
TTAGT,0.8850174216027874,0.02538576406172225,0.049776007964161276,0.039820806371329016
TAGTA,0.0423861852433281,0.007849293563579277,0.9136577708006279,0.03610675039246468
AGTAG,0.032033719704952585,0.03076923076923077,0.04952581664910432,0.8876712328767123
GTAGA,0.8820678513731826,0.027463651050080775,0.051696284329563816,0.03877221324717286
TAGAT,0.05177993527508091,0.011326860841423949,0.9045307443365695,0.032362459546925564
AGATA,0.813915857605178,0.07281553398058252,0.07605177993527508,0.0372168284789644
GATAC,0.017929590367752914,0.004711425206124852,0.01891113728569559,0.9584478471404266
CTGGG,0.03878923766816143,0.01547085201793722,0.8668161434977578,0.07892376681614349
TGGGT,0.029043748287514843,0.022467805279020914,0.9049228240021919,0.04356562243127226
GGGTA,0.03681442524417731,0.023891810668670174,0.8812922614575507,0.058001502629601805
GGTAT,0.03489335266100642,0.018844481259059846,0.06481673224270035,0.8814454338372334
GTATA,0.8930466350181514,0.04495950851717397,0.04007260541748115,0.021921251047193523
TATAC,0.026555386949924126,0.02314112291350531,0.021497218007081438,0.9288062721294891
TCACA,0.8765681003584229,0.053763440860215055,0.02217741935483871,0.047491039426523295
CACAA,0.06688438928804703,0.8830829523187459,0.024820378837361202,0.025212279555845853
ACAAC,0.8336755646817249,0.054414784394250515,0.01868583162217659,0.09322381930184805
CAACC,0.8901211747792155,0.051756007393715345,0.025261860751694395,0.03286095707537482
AACCT,0.06900800985828712,0.8821113164920928,0.02978024234955843,0.019100431300061615
CCTAT,0.05874147551146931,0.017978921264724116,0.04634221946683199,0.8769373837569746
CTATG,0.8635379771743408,0.05411255411255411,0.04289649744195199,0.03945297127115309
TATGG,0.03275154004106776,0.039527720739219716,0.052566735112936344,0.8751540041067761
ATGGA,0.037037037037037035,0.008286825638423811,0.8959918822932521,0.05868425503128699
TGGAA,0.04902405810258738,0.009078529278256923,0.9075503101830836,0.03434710243607202
CACTT,0.0717520299812617,0.8458775765146783,0.03833541536539663,0.04403497813866333
ACTTT,0.02411744145403705,0.053565186997553305,0.05225445648374694,0.8700629150646627
CTTTC,0.03716287959227012,0.006264599702696963,0.04565725207050329,0.9109152686345297
TTTCA,0.03613466128899498,0.029220511976294345,0.04823442258622109,0.8864104041484896
TCAGT,0.8868840350321832,0.04189089374274559,0.03334388519573705,0.03788118602933418
CAGTA,0.052638869649535944,0.03449231195456434,0.8517800249342015,0.06108879346169829
AGTAA,0.024695317511225143,0.03207184092366902,0.06574727389352149,0.8774855676715844
GTAAC,0.9132258064516129,0.01870967741935484,0.04096774193548387,0.027096774193548386
TAACT,0.871420704845815,0.0671806167400881,0.042400881057268726,0.018997797356828192
AACTA,0.04899532067162125,0.8530140379851362,0.02697495183044316,0.07101568951279934
ACGCA,0.07419898819561552,0.016441821247892074,0.8642495784148398,0.045109612141652614
CGCAT,0.05567271193589203,0.8675664276676508,0.030366933783213833,0.046393926613243354
GCATT,0.8164636707265854,0.09617807643847123,0.04619907601847963,0.04115917681646367
CATTC,0.030915684496826835,0.006436990027198549,0.03173164097914778,0.9309156844968268
GTAGC,0.8894813378574891,0.03271934076587494,0.04677653902084343,0.031022782355792537
TAGCT,0.10504361016306409,0.025597269624573378,0.8325748957148275,0.03678422449753508
AGCTC,0.032454361054766734,0.8498985801217038,0.05273833671399594,0.06490872210953347
GCTCC,0.058823529411764705,0.02636916835699797,0.07707910750507099,0.8377281947261663
CTCCT,0.09939148073022312,0.7606490872210954,0.07302231237322515,0.06693711967545639
TCCTG,0.038461538461538464,0.902834008097166,0.030364372469635626,0.02834008097165992
CCTGG,0.04275741710296684,0.010471204188481676,0.05235602094240838,0.8944153577661431
GGATA,0.4503159876294205,0.07630765093451661,0.013647976334543498,0.4597283851015194
ATACA,0.9541927579635175,0.026681187040566295,0.008235774571195209,0.010890280424720936
TACAA,0.033658310120705665,0.9424326833797586,0.009052924791086351,0.014856081708449397
CTTTT,0.020186335403726708,0.011387163561076604,0.05227743271221532,0.9161490683229814
TAGTG,0.04078659868900218,0.016023306627822288,0.8587035688273853,0.08448652585579024
AGTGA,0.026272577996715927,0.03875205254515599,0.09129720853858785,0.8436781609195402
GTGAC,0.10074906367041199,0.008614232209737827,0.7940074906367042,0.09662921348314607
TGACG,0.7895545314900153,0.09062980030721966,0.07526881720430108,0.0445468509984639
GACGC,0.06912442396313365,0.8341013824884793,0.05222734254992319,0.0445468509984639
CGCCT,0.09210526315789473,0.8026315789473685,0.06698564593301436,0.03827751196172249
GCCTG,0.047619047619047616,0.8725038402457758,0.021505376344086023,0.05837173579109063
GGGTT,0.020983213429256596,0.027278177458033574,0.8747002398081535,0.07703836930455636
GGTTT,0.027665526888405345,0.031084861672365557,0.06123717749456015,0.880012433944669
GTTTT,0.009510223490252021,0.021398002853067047,0.0461245839277223,0.9229671897289586
TTTTC,0.005230622919638612,0.02330004755111745,0.039942938659058486,0.9315263908701854
CTGAG,0.045748987854251015,0.03643724696356275,0.8295546558704453,0.08825910931174089
TGAGC,0.8177777777777778,0.07703703703703704,0.04987654320987654,0.055308641975308645
GAGCA,0.0345679012345679,0.04345679012345679,0.8577777777777778,0.06419753086419754
AGCAC,0.04100790513833992,0.900691699604743,0.016798418972332016,0.041501976284584984
GCACT,0.8754940711462451,0.06027667984189723,0.024209486166007904,0.0400197628458498
ACTTC,0.018442622950819672,0.03278688524590164,0.03346994535519126,0.9153005464480874
CTTCT,0.03012589928057554,0.015737410071942445,0.04001798561151079,0.9141187050359713
TTCTG,0.05973895582329317,0.8549196787148594,0.027610441767068273,0.05773092369477912
TCTGG,0.02459839357429719,0.02359437751004016,0.05773092369477912,0.8940763052208835
CTGGT,0.037152580828133865,0.017016449234259785,0.8746454906409529,0.07118547929665343
TGGTA,0.03654124457308249,0.020622286541244574,0.8715629522431259,0.07127351664254704
GTATG,0.8677333333333334,0.05706666666666667,0.023466666666666667,0.05173333333333333
ATGGG,0.05172413793103448,0.015270935960591134,0.8610837438423645,0.07192118226600985
GGGTG,0.01906318082788671,0.01906318082788671,0.8818082788671024,0.08006535947712418
GGTGT,0.008103727714748784,0.025121555915721232,0.06442463533225283,0.9023500810372771
CTGAT,0.08163265306122448,0.013605442176870748,0.8163265306122449,0.08843537414965986
TGATT,0.8472949389179756,0.05148342059336824,0.053228621291448515,0.04799301919720768
GATTA,0.021714285714285714,0.038857142857142854,0.04342857142857143,0.896
TACAT,0.34660569265946545,0.496412520696996,0.013009540329575022,0.14397224631396358
GCTAT,0.05702702702702703,0.03027027027027027,0.055675675675675676,0.857027027027027
TATGC,0.0363537710255019,0.0363537710255019,0.0770482908301682,0.850244167118828
ATGCC,0.042787286063569685,0.015281173594132029,0.8594132029339854,0.08251833740831296
TGCCA,0.0678484107579462,0.83679706601467,0.06234718826405868,0.03300733496332518
CGGGC,0.02535211267605634,0.01971830985915493,0.8901408450704226,0.0647887323943662
GGGCT,0.02250351617440225,0.011251758087201125,0.9212376933895922,0.0450070323488045
TATGA,0.007036747458952306,0.009773260359655981,0.019546520719311962,0.9636434714620797
ATGAA,0.048366013071895426,0.0196078431372549,0.8640522875816994,0.06797385620915032
TGAAA,0.8816901408450705,0.04366197183098591,0.05211267605633803,0.022535211267605635
GAAAT,0.8722222222222222,0.05416666666666667,0.0375,0.03611111111111111
ATGGC,0.11784511784511785,0.003367003367003367,0.8080808080808081,0.0707070707070707
TGGCA,0.01171875,0.0234375,0.921875,0.04296875
GGCAT,0.0787037037037037,0.8564814814814815,0.023148148148148147,0.041666666666666664
GTTAC,0.029796511627906978,0.010901162790697675,0.03924418604651163,0.9200581395348837
ACTCA,0.036283185840707964,0.01415929203539823,0.030973451327433628,0.9185840707964602
CTCAT,0.048205677557579006,0.9126941617568292,0.017675415104445636,0.021424745581146223
TCATT,0.8226221079691517,0.1038560411311054,0.033419023136246784,0.04010282776349614
TACGG,0.07086614173228346,0.8385826771653543,0.031496062992125984,0.05905511811023622
ACGGA,0.09090909090909091,0.022727272727272728,0.8863636363636364,0.0
CGGAA,0.045454545454545456,0.0,0.9090909090909091,0.045454545454545456
CAACT,0.8934306569343066,0.035036496350364967,0.026277372262773723,0.04525547445255475
AACTG,0.08467153284671533,0.8598540145985402,0.026277372262773723,0.029197080291970802
ACTGC,0.03795620437956204,0.029197080291970802,0.08905109489051095,0.8437956204379562
CTGCT,0.05693430656934306,0.010218978102189781,0.8846715328467153,0.04817518248175182
TGCTG,0.08309037900874636,0.8090379008746356,0.0641399416909621,0.043731778425655975
GCTGG,0.026239067055393587,0.018950437317784258,0.06997084548104957,0.8848396501457726
TTTTG,0.019642857142857142,0.055357142857142855,0.0625,0.8625
TTTGG,0.026785714285714284,0.02857142857142857,0.06607142857142857,0.8785714285714286
TTGGT,0.01607142857142857,0.019642857142857142,0.9267857142857143,0.0375
CAGGG,0.056,0.010285714285714285,0.8434285714285714,0.09028571428571429
AGGGT,0.038857142857142854,0.036571428571428574,0.8445714285714285,0.08
GGTTC,0.0227088402270884,0.012165450121654502,0.05271695052716951,0.9124087591240876
GTTCA,0.015402843601895734,0.012925463162429988,0.02003446790176648,0.9516372253339078
GTGGC,0.09141274238227147,0.00554016620498615,0.7867036011080333,0.11634349030470914
GTTCT,0.028481012658227847,0.060126582278481014,0.05063291139240506,0.8607594936708861
TTCTC,0.03221649484536082,0.9149484536082474,0.010309278350515464,0.04252577319587629
TCTCA,0.029850746268656716,0.08955223880597014,0.035278154681139755,0.8453188602442334
TAACC,0.8939828080229226,0.054441260744985676,0.02865329512893983,0.022922636103151862
AACCA,0.05730659025787966,0.8681948424068768,0.034383954154727794,0.04011461318051576
ATGGT,0.04862444017914268,0.010236724248240563,0.8624440179142674,0.07869481765834933
TGGTG,0.049689440993788817,0.020186335403726708,0.8618012422360248,0.06832298136645963
GTTTC,0.025134649910233394,0.013464991023339317,0.04129263913824058,0.9201077199281867
ACACG,0.40894497951953945,0.021808922838481126,0.012066865936012399,0.5571792317059671
CACGT,0.019481295565913707,0.9653400262937731,0.007529580494801004,0.007649097645512131
ACGTT,0.5331660093223377,0.027608461814270346,0.3697860643002271,0.06943946456316481
CGTTC,0.01757112120487688,0.005378914654554148,0.015778149653358834,0.9612718144872101
ACAAG,0.8173168411037107,0.11417697431018078,0.019029495718363463,0.049476688867745006
CAAGC,0.8915318744053282,0.028068506184586107,0.051855375832540435,0.028544243577545196
AAGCT,0.08464098906324298,0.02757964812173086,0.8506894912030433,0.037089871611982884
ACACT,0.8720792079207921,0.06257425742574257,0.028910891089108912,0.03643564356435643
CTATT,0.8901554404145078,0.03316062176165803,0.025906735751295335,0.05077720207253886
TTACA,0.8386801099908341,0.08340971585701192,0.04216315307057745,0.035747021081576534
TAAAA,0.8888888888888888,0.062421972534332085,0.02122347066167291,0.02746566791510612
AAAAA,0.8790931989924433,0.07052896725440806,0.0163727959697733,0.03400503778337532
AAAAC,0.9168765743073047,0.0327455919395466,0.03526448362720403,0.015113350125944584
AAACA,0.8879093198992444,0.05037783375314862,0.042821158690176324,0.018891687657430732
AACAC,0.04408060453400504,0.929471032745592,0.005037783375314861,0.021410579345088162
TTTCT,0.040453074433656956,0.03559870550161812,0.04854368932038835,0.8754045307443366
ACTAG,0.013054830287206266,0.044386422976501305,0.025239338555265448,0.917319408181027
CTAGC,0.9094076655052264,0.03048780487804878,0.016550522648083623,0.04355400696864112
CATAT,0.07407407407407407,0.009259259259259259,0.1111111111111111,0.8055555555555556
ATATT,0.8878504672897196,0.028037383177570093,0.028037383177570093,0.056074766355140186
ATTAT,0.023809523809523808,0.011904761904761904,0.06547619047619048,0.8988095238095238
TACGA,0.04961240310077519,0.875968992248062,0.020155038759689922,0.05426356589147287
ACGAT,0.03264331210191083,0.004777070063694267,0.9323248407643312,0.030254777070063694
CGATA,0.8527918781725888,0.04230118443316413,0.038917089678511,0.06598984771573604
GATAT,0.04244694132334582,0.03745318352059925,0.06741573033707865,0.8526841448189763
CCTTT,0.01478494623655914,0.004032258064516129,0.005376344086021506,0.9758064516129032
CACAG,0.05756013745704467,0.9020618556701031,0.018900343642611683,0.02147766323024055
ACAGA,0.8934707903780069,0.06529209621993128,0.022336769759450172,0.018900343642611683
CAGAA,0.08270676691729323,0.010025062656641603,0.8654970760233918,0.04177109440267335
AGAAT,0.897766323024055,0.054982817869415807,0.02663230240549828,0.020618556701030927
GAATA,0.7577996715927751,0.180623973727422,0.022988505747126436,0.03858784893267652
AATAT,0.05341446923597025,0.013522650439486139,0.034482758620689655,0.8985801217038539
ATATC,0.8737113402061856,0.03951890034364261,0.03178694158075601,0.054982817869415807
TATCC,0.042483660130718956,0.04330065359477124,0.051470588235294115,0.8627450980392157
ATCCA,0.06695278969957082,0.7579399141630901,0.02317596566523605,0.151931330472103
TCCAA,0.1167381974248927,0.8446351931330472,0.026609442060085836,0.01201716738197425
CCAAT,0.8523605150214593,0.08497854077253218,0.030901287553648068,0.03175965665236052
TTCTA,0.05128205128205128,0.8846153846153846,0.020512820512820513,0.04358974358974359
TCTAA,0.031088082901554404,0.05699481865284974,0.02072538860103627,0.8911917098445595
CTAAT,0.7627551020408163,0.02040816326530612,0.1836734693877551,0.03316326530612245
TAATA,0.6153846153846154,0.041025641025641026,0.30256410256410254,0.041025641025641026
ATATG,0.8704663212435233,0.06735751295336788,0.02072538860103627,0.04145077720207254
CAGTT,0.11475409836065574,0.03278688524590164,0.8114754098360656,0.040983606557377046
AGTTA,0.00819672131147541,0.03278688524590164,0.06557377049180328,0.8934426229508197
ACAAT,0.8934426229508197,0.04918032786885246,0.01639344262295082,0.040983606557377046
ATACG,0.8451882845188284,0.06694560669456066,0.02510460251046025,0.06276150627615062
GCCTT,0.059574468085106386,0.8851063829787233,0.01276595744680851,0.0425531914893617
CACTA,0.06027397260273973,0.8958904109589041,0.024657534246575342,0.019178082191780823
ACTAA,0.026058631921824105,0.029315960912052116,0.035830618892508145,0.9087947882736156
TAATT,0.9297297297297298,0.021621621621621623,0.021621621621621623,0.02702702702702703
AATTA,0.005154639175257732,0.010309278350515464,0.041237113402061855,0.9432989690721649
TACTT,0.04609929078014184,0.8900709219858156,0.028368794326241134,0.03546099290780142
ACTTG,0.059782608695652176,0.010869565217391304,0.09239130434782608,0.8369565217391305
CTTGA,0.043478260869565216,0.021739130434782608,0.10869565217391304,0.8260869565217391
TTGAT,0.027649769585253458,0.018433179723502304,0.880184331797235,0.07373271889400922
TGAGT,0.8183856502242153,0.06950672645739911,0.07623318385650224,0.03587443946188341
GAGTA,0.11910112359550562,0.06292134831460675,0.7595505617977528,0.058426966292134834
AGTAT,0.04269662921348315,0.008988764044943821,0.03146067415730337,0.9168539325842696
ATATA,0.8761904761904762,0.04285714285714286,0.0380952380952381,0.04285714285714286
ACGGT,0.06666666666666667,0.014285714285714285,0.8666666666666667,0.05238095238095238
CGGTA,0.04285714285714286,0.01904761904761905,0.8523809523809524,0.08571428571428572
CGGGA,0.044859813084112146,0.001869158878504673,0.8841121495327103,0.0691588785046729
GGGAT,0.03551401869158879,0.018691588785046728,0.9009345794392524,0.044859813084112146
CTACC,0.8672268907563025,0.047058823529411764,0.03361344537815126,0.052100840336134456
TACCG,0.08785046728971962,0.8822429906542056,0.009345794392523364,0.020560747663551402
ACCGG,0.04291044776119403,0.9328358208955224,0.009328358208955223,0.014925373134328358
CCGGA,0.05223880597014925,0.011194029850746268,0.914179104477612,0.022388059701492536
CGGAT,0.041044776119402986,0.020522388059701493,0.8936567164179104,0.04477611940298507
ATTTC,0.05825242718446602,0.014563106796116505,0.038834951456310676,0.8883495145631068
TTTCC,0.05333333333333334,0.05333333333333334,0.013333333333333334,0.88
TTCCA,0.0,1.0,0.0,0.0
ACCAC,0.1111111111111111,0.8888888888888888,0.0,0.0
CCACT,0.7777777777777778,0.2222222222222222,0.0,0.0
GGAAA,0.8888888888888888,0.0,0.1111111111111111,0.0
AAATT,0.8888888888888888,0.0,0.0,0.1111111111111111
TACAG,0.026252983293556086,0.8663484486873508,0.002386634844868735,0.10501193317422435
ACAGG,0.8888888888888888,0.027777777777777776,0.08333333333333333,0.0
CAGGT,0.1111111111111111,0.0,0.8888888888888888,0.0
AGGTG,0.0,0.0,0.8888888888888888,0.1111111111111111
CTAAC,0.9074074074074074,0.046296296296296294,0.037037037037037035,0.009259259259259259
TTCCC,0.05314009661835749,0.893719806763285,0.00966183574879227,0.043478260869565216
TCCCC,0.12121212121212122,0.8484848484848485,0.0,0.030303030303030304
CCCCA,0.015151515151515152,0.8787878787878788,0.09090909090909091,0.015151515151515152
CCCAT,0.041666666666666664,0.925,0.008333333333333333,0.025
AGGAT,0.022222222222222223,0.06666666666666667,0.8444444444444444,0.06666666666666667
ATTCG,0.0,0.0,0.1111111111111111,0.8888888888888888
TTCGA,0.1111111111111111,0.8333333333333334,0.05555555555555555,0.0
GTAAA,0.7777777777777778,0.16666666666666666,0.05555555555555555,0.0
GACTG,0.0021447721179624667,0.9930294906166219,0.0032171581769436996,0.0016085790884718498
GTGAT,0.07936507936507936,0.0291005291005291,0.8095238095238095,0.082010582010582
TCTAC,0.07106598984771574,0.025380710659898477,0.06598984771573604,0.8375634517766497
ATGCT,0.04830917874396135,0.014492753623188406,0.8743961352657005,0.06280193236714976
TGCTA,0.109375,0.81640625,0.02734375,0.046875
TTATG,0.9931865828092243,0.0031446540880503146,0.002620545073375262,0.0010482180293501049
ATGAC,0.046291425565491845,0.0010520778537611783,0.9484481851657023,0.004208311415044713
ACAGC,0.9347258485639687,0.03655352480417755,0.013054830287206266,0.015665796344647518
CTGTG,0.03968253968253968,0.011904761904761904,0.8690476190476191,0.07936507936507936
TGTGT,0.011904761904761904,0.031746031746031744,0.4365079365079365,0.5198412698412699
GTGTA,0.011764705882352941,0.0196078431372549,0.5411764705882353,0.42745098039215684
TGTAT,0.0392156862745098,0.00784313725490196,0.043137254901960784,0.9098039215686274
CACCC,0.17647058823529413,0.8235294117647058,0.0,0.0
ACCCT,0.058823529411764705,0.47058823529411764,0.0,0.47058823529411764
CCCTC,0.11764705882352941,0.47058823529411764,0.0,0.4117647058823529
CCTCA,0.0,0.0,0.058823529411764705,0.9411764705882353
CTCAG,0.058823529411764705,0.9411764705882353,0.0,0.0
CTATC,0.9027777777777778,0.05555555555555555,0.027777777777777776,0.013888888888888888
ATCCT,0.08333333333333333,0.8333333333333334,0.016666666666666666,0.06666666666666667
TCCTA,0.1,0.8833333333333333,0.016666666666666666,0.0
CTTAC,0.0,0.0,0.06,0.94
CTTTG,0.04,0.02,0.04,0.9
TTTGC,0.04,0.04,0.02,0.9
TTGCC,0.04,0.04,0.86,0.06
TGCCT,0.12,0.82,0.02,0.04
TTCAT,0.031007751937984496,0.9302325581395349,0.023255813953488372,0.015503875968992248
TCATG,0.86,0.04,0.02,0.08
CATGG,0.06,0.02,0.06,0.86
TGGCC,0.04,0.0,0.86,0.1
GGCCA,0.06,0.78,0.12,0.04
GCCAG,0.04,0.84,0.06,0.06
AGTGC,0.061224489795918366,0.10204081632653061,0.20408163265306123,0.6326530612244898
GTGCT,0.04081632653061224,0.0,0.8367346938775511,0.12244897959183673
TGAAT,0.7222222222222222,0.12962962962962962,0.05555555555555555,0.09259259259259259
ACGAA,0.09259259259259259,0.037037037037037035,0.7962962962962963,0.07407407407407407
CGAAT,0.8333333333333334,0.09259259259259259,0.07407407407407407,0.0
GAATT,0.7777777777777778,0.07407407407407407,0.09259259259259259,0.05555555555555555
AATTC,0.09259259259259259,0.018518518518518517,0.09259259259259259,0.7962962962962963
ATTCC,0.037037037037037035,0.05555555555555555,0.12962962962962962,0.7777777777777778
TCCCT,0.08045977011494253,0.8735632183908046,0.011494252873563218,0.034482758620689655
CCCTT,0.07407407407407407,0.8888888888888888,0.018518518518518517,0.018518518518518517
CTTCC,0.06896551724137931,0.022988505747126436,0.06896551724137931,0.8390804597701149
TCCCA,0.037037037037037035,0.9629629629629629,0.0,0.0
CCATG,0.9259259259259259,0.037037037037037035,0.037037037037037035,0.0
CATGA,0.05555555555555555,0.018518518518518517,0.1111111111111111,0.8148148148148148
TGACA,0.8333333333333334,0.037037037037037035,0.09259259259259259,0.037037037037037035
GACAT,0.09259259259259259,0.8333333333333334,0.05555555555555555,0.018518518518518517
CCGGC,0.01639344262295082,0.03278688524590164,0.9180327868852459,0.03278688524590164
CGGCT,0.01639344262295082,0.04918032786885246,0.9180327868852459,0.01639344262295082
TCTCC,0.07692307692307693,0.07692307692307693,0.0,0.8461538461538461
ATCAA,0.05128205128205128,0.8717948717948718,0.0,0.07692307692307693
AACAG,0.05128205128205128,0.9230769230769231,0.0,0.02564102564102564
ACAGT,0.7435897435897436,0.15384615384615385,0.02564102564102564,0.07692307692307693
GATTG,0.0,0.024390243902439025,0.024390243902439025,0.9512195121951219
ATTGT,0.024390243902439025,0.024390243902439025,0.024390243902439025,0.926829268292683
TTGTT,0.2682926829268293,0.04878048780487805,0.5365853658536586,0.14634146341463414
TGTTA,0.0,0.04878048780487805,0.024390243902439025,0.926829268292683
CACGA,0.004511278195488722,0.058646616541353384,0.9368421052631579,0.0
TTTAT,0.1276595744680851,0.14893617021276595,0.06382978723404255,0.6595744680851063
TTAGG,0.9,0.025,0.05,0.025
TAGGA,0.025,0.0,0.9,0.075
AGGAC,0.05,0.6,0.35,0.0
GGACT,0.875,0.025,0.025,0.075
GACTT,0.05,0.9,0.025,0.025
ACTTA,0.0,0.0,0.025,0.975
CTTAA,0.05,0.0,0.025,0.925
TTAAG,0.9555555555555556,0.0,0.022222222222222223,0.022222222222222223
TAAGG,0.35,0.025,0.025,0.6
AAGGT,0.0,0.0,1.0,0.0
AGGTA,0.0,0.0,0.95,0.05
GGCAG,0.025,0.825,0.1,0.05
GCAGT,0.35,0.0,0.05,0.6
TCAGA,0.8484848484848485,0.030303030303030304,0.09090909090909091,0.030303030303030304
AGAAG,0.8484848484848485,0.12121212121212122,0.0,0.030303030303030304
GAAGT,0.9393939393939394,0.030303030303030304,0.0,0.030303030303030304
AAGTC,0.12121212121212122,0.0,0.8181818181818182,0.06060606060606061
AGTCT,0.030303030303030304,0.06060606060606061,0.06060606060606061,0.8484848484848485
GTCTT,0.030303030303030304,0.9090909090909091,0.030303030303030304,0.030303030303030304
TCTTC,0.0,0.0,0.030303030303030304,0.9696969696969697
CCCTA,0.09090909090909091,0.8484848484848485,0.030303030303030304,0.030303030303030304
TATTG,0.0,0.0,0.18181818181818182,0.8181818181818182
ATTGC,0.0,0.030303030303030304,0.030303030303030304,0.9393939393939394
TTGCT,0.09090909090909091,0.0,0.7878787878787878,0.12121212121212122
TGCTT,0.09090909090909091,0.8787878787878788,0.0,0.030303030303030304
GCTTA,0.030303030303030304,0.06060606060606061,0.0,0.9090909090909091
CTTAT,0.12121212121212122,0.0,0.030303030303030304,0.8484848484848485
TTATA,0.8787878787878788,0.030303030303030304,0.09090909090909091,0.0
TAAGT,0.6,0.2,0.2,0.0
AAGTA,0.0,0.0,1.0,0.0
ACTCT,0.0,0.08333333333333333,0.0,0.9166666666666666
CTCTA,0.16666666666666666,0.75,0.0,0.08333333333333333
TCTAT,0.0,0.0,0.0,1.0
TATCA,0.08333333333333333,0.0,0.0,0.9166666666666666
TAATG,1.0,0.0,0.0,0.0
AATGG,0.0,0.16666666666666666,0.08333333333333333,0.75
GGTAA,0.08333333333333333,0.0,0.0,0.9166666666666666
GTAAT,0.8181818181818182,0.18181818181818182,0.0,0.0
TAATC,1.0,0.0,0.0,0.0
AATCA,0.0,0.0,0.0,1.0
