kmer,A,C,G,T
ATATT,0.9627022833074707,0.009476834404788295,0.013965861228109066,0.013855021059632011
TATTA,0.012605316439161388,0.003657501142969107,0.020508131408791066,0.9632290510090784
ATTAA,0.007866273352999017,0.00415164426963837,0.01398448596088714,0.9739975964164754
TTAAT,0.8762119113573407,0.02244921514312096,0.04507156048014774,0.05626731301939058
TAATC,0.7033877797943133,0.018027828191167574,0.016152450090744102,0.26243194192377495
AATCC,0.01990551181102362,0.008,0.018519685039370078,0.9535748031496063
ATCCT,0.050878656274267305,0.9214530184934856,0.013977968880324427,0.01369035635192269
TCCTA,0.03153223701383451,0.9463847559383973,0.009866875489428347,0.012216131558339859
CCTAG,0.018145161290322582,0.04516129032258064,0.017338709677419354,0.9193548387096774
CTAGC,0.6656716417910448,0.02126865671641791,0.26492537313432835,0.04813432835820895
TAGCA,0.07095440200239417,0.017303297420829252,0.8949831320056589,0.01675916857111764
AGCAA,0.0456989247311828,0.8878648233486943,0.015937019969278033,0.05049923195084485
GCAAT,0.9237052162613699,0.019120103953963245,0.02468906627065157,0.03248561351401522
CAATG,0.9606397774687065,0.016968011126564674,0.017385257301808066,0.005006954102920723
AATGG,0.00940364242352101,0.007320557076538507,0.010891560528508511,0.972384239971432
ATGGT,0.03730321697467488,0.004258879002205491,0.9365731234314396,0.021864780591679976
TGGTG,0.05252654266783747,0.016843617785583142,0.9127085495330087,0.017921290013570686
GGTGG,0.014764914871037697,0.007705439948322798,0.017025792460665344,0.9605038527199742
GTGGT,0.05769484199151314,0.0042697873013362855,0.9093065549142089,0.028728815792941672
TGGTA,0.17954719144058082,0.015093618647306076,0.7738584256782576,0.03150076423385556
GGTAC,0.015141882910477952,0.011038548228630873,0.01889845691498584,0.9549211119459053
GTACT,0.9599228143090396,0.015548463707881847,0.012654000296868043,0.011874721686210479
TACTA,0.06022373355367699,0.9086315388037882,0.010487510328608656,0.020657217313926144
ACTAA,0.01509223029625489,0.024848823619086337,0.02647492250622491,0.9335840235784338
GCATA,0.9496021220159151,0.023209549071618037,0.015251989389920425,0.011936339522546418
CATAA,0.023888625217528874,0.007435532352475874,0.02895111532985287,0.9397247271001424
ATAAG,0.9319497388112382,0.019200903571932798,0.015106593251447127,0.0337427643653819
TAAGA,0.94109396914446,0.025245441795231416,0.025245441795231416,0.008415147265077139
AAGAA,0.052594670406732116,0.004908835904628331,0.8913043478260869,0.05119214586255259
AGAAG,0.9157088122605364,0.04597701149425287,0.0140485312899106,0.024265644955300127
GAAGT,0.9581714968628623,0.011453042525644856,0.014540384423862166,0.015835076187630713
AAGTA,0.041644976574700676,0.029151483602290473,0.8859968766267569,0.04320666319625195
AGTAA,0.020702070207020702,0.012901290129012902,0.024902490249024904,0.9414941494149415
GTAAA,0.96,0.018947368421052633,0.009824561403508772,0.011228070175438596
TAAAA,0.955617198335645,0.016643550624133148,0.014563106796116505,0.013176144244105409
AAAAG,0.938288920056101,0.018934081346423562,0.010518934081346423,0.03225806451612903
AAAGT,0.9663394109396914,0.01332398316970547,0.012622720897615708,0.007713884992987377
GTAAT,0.6986342488368603,0.011856521086597628,0.275101305718145,0.014407924358397118
TAATA,0.7536185268575104,0.02583896215288946,0.21046424359386726,0.010078267395732818
AATAA,0.02395104895104895,0.015034965034965035,0.01695804195804196,0.9440559440559441
ATAAT,0.9088913282107574,0.02349066959385291,0.043249176728869375,0.02436882546652031
TAATT,0.9428773919206237,0.02891566265060241,0.01559177888022679,0.01261516654854713
AATTA,0.028018088871411717,0.011895399134880063,0.03391663389697208,0.9261698780967361
ATTAT,0.05271889400921659,0.008110599078341014,0.044055299539170506,0.8951152073732719
TTATG,0.9269179261526689,0.03807155155921178,0.016070403673235124,0.018940118614884253
TATGC,0.028855721393034824,0.012935323383084577,0.022139303482587063,0.9360696517412935
ATGCA,0.046864968970682645,0.004279905842071475,0.9163278407875026,0.03252728439974321
TGCAA,0.11652463875509447,0.829937013708781,0.039644312708410526,0.013894034827713968
GCAAC,0.9227642276422764,0.0323063756953359,0.01433461703038083,0.030594779632006845
CAACA,0.950784207679827,0.014602487831260141,0.015143320713899405,0.019469983775013522
AACAT,0.08210726150925486,0.8989084005695301,0.007593735168485999,0.011390602752728999
ACATA,0.9562116673798317,0.02025388674939381,0.012123805448580802,0.011410640422193696
CTATT,0.9339035769828927,0.02177293934681182,0.025660964230171075,0.01866251944012442
TATTT,0.02205240174672489,0.012882096069868995,0.027729257641921398,0.9373362445414847
ATTTA,0.012705640423031727,0.009474148061104583,0.023207990599294948,0.9546122209165687
TTTAT,0.08125106238313785,0.0135985041645419,0.05022947475777664,0.8549209586945437
TTATC,0.7742102985720467,0.03392470791864993,0.030809173517957596,0.16105581999134574
TATCC,0.018262073740695862,0.009433962264150943,0.021377877791241128,0.9509260862039121
TCCTG,0.03456221198156682,0.9484277582000542,0.008809975603144483,0.008200054215234481
CCTGG,0.008288530465949821,0.004554958183990442,0.010976702508960573,0.9761798088410991
CTGGA,0.035771246297562086,0.0037593984962406013,0.8450672134882661,0.11540214171793119
TGGAA,0.21386223994825915,0.13560418238654737,0.6340411771046675,0.016492400560526033
GGAAA,0.889281507656066,0.03297997644287397,0.02591283863368669,0.05182567726737338
GAAAT,0.9242017308266189,0.02208296031035512,0.03939122649955237,0.01432408236347359
AAATA,0.9041666666666667,0.0625,0.022916666666666665,0.010416666666666666
AATAG,0.022866344605475042,0.017391304347826087,0.023510466988727857,0.936231884057971
ATAGT,0.9385148983131011,0.01229702033737979,0.037679331546586786,0.011508749802932367
TAGTG,0.03057779492620816,0.013022089321886756,0.9347930934696633,0.02160702228224173
AGTGA,0.012519083969465649,0.009465648854961832,0.02381679389312977,0.9541984732824428
GTGAT,0.09092713917014096,0.004963271788763153,0.8745284891800675,0.02958109986102839
TGATA,0.9086417816813049,0.03528858218318695,0.0370138017565872,0.019055834378920954
GATAC,0.06496466833827216,0.014132664691132892,0.025529974925917482,0.8953726920446775
ATACT,0.9501277718242519,0.018465089440276975,0.020113758140301707,0.0112933805951694
ACTAG,0.010547957450612318,0.00902833646196478,0.010816125860373648,0.9696075802270493
GGATT,0.9384205180294566,0.023489080751650585,0.02260030472320975,0.015490096495683088
GATTG,0.036659029368881484,0.008019162674442824,0.03415955009373047,0.9211622578629453
ATTGA,0.01895366880957659,0.008645533141210375,0.031035247173575704,0.9413655508756373
TTGAT,0.07042013947950332,0.007484266031638034,0.885524749106991,0.03657084538186767
TGATC,0.8904389248043553,0.03147329023477373,0.03589656345695815,0.0421912215039129
GATCC,0.032488518455519644,0.01309746555536656,0.036400748426603166,0.9180132675625107
CCTGA,0.019022913964548204,0.006917423259835711,0.02464332036316472,0.9494163424124513
CTGAG,0.04827586206896552,0.006269592476489028,0.9072100313479624,0.03824451410658307
TGAGG,0.9445378151260504,0.018487394957983194,0.02857142857142857,0.008403361344537815
GAGGA,0.031092436974789917,0.009243697478991597,0.8974789915966387,0.06218487394957983
AGGAT,0.05798319327731093,0.0025210084033613447,0.9142857142857143,0.025210084033613446
GGATG,0.9465170023109938,0.029052492571805876,0.014856388246946187,0.00957411687025421
GATGG,0.01894385551629368,0.011778563015312132,0.02021986650961916,0.949057714958775
GGTGA,0.031151131662204914,0.00949136042832806,0.030421027013871987,0.928936480895595
GTGAA,0.0807899461400359,0.006732495511669659,0.8810592459605027,0.03141831238779174
TGAAA,0.9211242067089755,0.02629193109700816,0.03880326382592928,0.013780598368087035
GAAAC,0.9025731251374532,0.031009456784693204,0.03562788651858368,0.030789531559269848
AAACT,0.9182242990654206,0.0260347129506008,0.03170894526034713,0.02403204272363151
AACTA,0.06649778340721976,0.9037365421152628,0.007599746675110829,0.022165927802406588
TAAGC,0.9258659104719466,0.03443386672068058,0.02288839376139356,0.01681182904597934
AAGCT,0.06334771886559802,0.008168927250308261,0.9055178791615289,0.022965474722564733
AGCTA,0.04022491349480969,0.8964821222606689,0.010092272202998846,0.053200692041522495
GCTAC,0.03161734900689096,0.008917713822456425,0.03161734900689096,0.9278475881637617
CTACG,0.9408142319534725,0.02531645569620253,0.01505302771125556,0.01881628463906945
TACGA,0.04250255015300918,0.9146548792927576,0.006460387623257395,0.03638218293097586
ACGAT,0.04148248894933696,0.004420265215912955,0.9292757565453927,0.024821489289357363
CGATG,0.9346338124572211,0.028747433264887063,0.023613963039014373,0.013004791238877482
GGTAG,0.092353885178858,0.00911114562302635,0.012941968214526065,0.8855930009835896
GTAGC,0.956271186440678,0.015593220338983051,0.016101694915254237,0.012033898305084745
CAATA,0.9693064667291471,0.01874414245548266,0.006326148078725398,0.005623242736644799
AGATT,0.944613776887573,0.016720369241487416,0.022206740398850476,0.016459113472089174
ATTGG,0.0013901760889712697,0.0013901760889712697,0.0023169601482854493,0.994902687673772
TTGGT,0.01951219512195122,0.00300187617260788,0.32645403377110693,0.651031894934334
TGGTC,0.012786361214704315,0.06979222163026105,0.05700586041555674,0.8604155567394779
GGTCC,0.003205128205128205,0.0016025641025641025,0.0010683760683760685,0.9941239316239316
GTCCT,0.010683760683760684,0.9861111111111112,0.0010683760683760685,0.002136752136752137
GGAAG,0.7533547084669279,0.2119700748129676,0.010450065312908206,0.024225151407196294
AAGTG,0.22902338376891335,0.015589179275561669,0.7431224209078404,0.012265016047684549
AGTGG,0.009791789960725238,0.006671329423790821,0.0111906170979717,0.9723462635175122
GTAGT,0.933597792342187,0.017477291019891917,0.03662182361733931,0.01230309302058181
TAGTA,0.09417856143296949,0.020850825636719843,0.8620906801007556,0.022879932829554996
AGTAC,0.014724034561805679,0.006171751013930524,0.011197319696702521,0.9679068947275613
TACTT,0.02667269439421338,0.9597649186256781,0.004370102471368294,0.009192284508740205
ACTTA,0.012239347234814143,0.0042308854638863705,0.009972801450589302,0.9735569658507102
TGAGA,0.908641975308642,0.022222222222222223,0.05432098765432099,0.014814814814814815
GAGAA,0.024691358024691357,0.0049382716049382715,0.8962962962962963,0.07407407407407407
AGAAT,0.9432098765432099,0.009876543209876543,0.027160493827160494,0.019753086419753086
GAATG,0.9621968616262482,0.01355206847360913,0.01783166904422254,0.006419400855920114
TACTG,0.05991735537190083,0.9039256198347108,0.010674931129476584,0.025482093663911846
ACTGA,0.014084507042253521,0.01733477789815818,0.016251354279523293,0.952329360780065
CTAGA,0.8599033816425121,0.01668862538427756,0.10540184453227931,0.018006148440931048
TAGAG,0.05543237250554324,0.03621581670362158,0.8824833702882483,0.025868440502586843
AGAGA,0.8573540280857354,0.04951958610495196,0.03325942350332594,0.0598669623059867
GAGAT,0.11150484290101582,0.006850933144342074,0.8490432317505315,0.03260099220411056
AGATG,0.9480794701986754,0.024105960264900663,0.01933774834437086,0.00847682119205298
AAATT,0.9607743250127356,0.013754457463066735,0.020376974019358125,0.005094243504839531
ATCCA,0.0771889400921659,0.8847926267281107,0.018433179723502304,0.019585253456221197
TCCAG,0.05568181818181818,0.9295454545454546,0.004545454545454545,0.010227272727272727
CCAGA,0.9612903225806452,0.012903225806451613,0.01129032258064516,0.014516129032258065
CAGAT,0.06818181818181818,0.0030303030303030303,0.9015151515151515,0.02727272727272727
AGATA,0.9410714285714286,0.027678571428571427,0.020535714285714286,0.010714285714285714
GATAG,0.019783325482807347,0.0527555346208196,0.01413094677343382,0.9133301931229393
ATAGC,0.9392314566577301,0.013404825737265416,0.03663985701519214,0.010723860589812333
AGCAG,0.484981684981685,0.473992673992674,0.0014652014652014652,0.03956043956043956
GCAGT,0.7457855697909642,0.011800404585300068,0.23263654753877275,0.009777478084962913
CAGTA,0.048118445404071564,0.008019740900678593,0.9204194941394201,0.023442319555829736
GTACA,0.9508196721311475,0.013412816691505217,0.019374068554396422,0.01639344262295082
TACAA,0.05703599812996728,0.9046283309957924,0.01729780271154745,0.021037868162692847
ACAAT,0.9362166227905228,0.014516735614892817,0.04227153065062053,0.006995110943963896
ATAAA,0.9255625327053898,0.01949241234955521,0.03349031920460492,0.021454735740450027
GGATA,0.9370485036119711,0.024423804609563123,0.023391812865497075,0.015135878912968696
GATAA,0.021447721179624665,0.014332852134460713,0.02186017735615591,0.9423592493297587
TAAAC,0.9604403164774682,0.019951840385276916,0.01238390092879257,0.007223942208462332
AAACA,0.9285811269517991,0.030685675492192803,0.023217922606924644,0.017515274949083504
AACAC,0.0382286995515695,0.9338565022421524,0.0053811659192825115,0.022533632286995516
ACACC,0.9201108567297265,0.03578744427039402,0.023255813953488372,0.020845885046391132
CACCT,0.06499415052645262,0.8316651501364877,0.011568958793708567,0.0917717405433511
ACCTA,0.027947484726374625,0.9339659430651241,0.00545950864422202,0.03262706356427921
CCTAC,0.016582130316035896,0.006242684354272337,0.04486929379633242,0.9323058915333593
CTACT,0.9398140024565713,0.026320407088962976,0.020354448148798034,0.013511142305667662
TACTC,0.02771855010660981,0.9323512308586935,0.02422950184144214,0.015700717193254506
ACTCT,0.05299380591878871,0.007914659325533379,0.03269098417068135,0.9064005505849966
CTCTG,0.039222432478926546,0.941338379494237,0.009461551694477894,0.009977636332358507
TCTGG,0.02320385012031626,0.013922310072189756,0.023547610862839463,0.9393262289446546
TGGAG,0.03875897624746824,0.010127048425704291,0.9299392377094458,0.021174737617381697
GGAGT,0.9364535768645358,0.023211567732115676,0.01845509893455099,0.021879756468797563
GAGTG,0.03368220742150333,0.0041864890580399616,0.9410085632730733,0.021122740247383445
AGTGC,0.025026814444047193,0.007329281372899535,0.02806578476939578,0.9395781194136575
GTGCC,0.020336894001643385,0.006778964667214462,0.9357025472473295,0.03718159408381266
TGCCA,0.05382087099424815,0.9178307313064914,0.008627773212818405,0.01972062448644207
GCCAA,0.06979166666666667,0.9078869047619048,0.011904761904761904,0.010416666666666666
CCAAC,0.9330571665285833,0.037945318972659486,0.0115990057995029,0.01739850869925435
ATTAG,0.0192090395480226,0.022175141242937853,0.025282485875706216,0.9333333333333333
TTAGA,0.8941596531497067,0.03162458556490691,0.05177250701351696,0.022443254271869422
TAGAT,0.0630841121495327,0.05451713395638629,0.8434579439252337,0.03894080996884735
TTGAA,0.032333463186599146,0.02259446825087651,0.8574211141410206,0.0876509544215037
AAATC,0.9294685990338164,0.01932367149758454,0.017391304347826087,0.033816425120772944
AATCT,0.06956521739130435,0.012560386473429951,0.05088566827697263,0.8669887278582931
ATCTG,0.05537669027688345,0.9243399871217,0.008370895041854474,0.011912427559562138
TCTGA,0.017659746562415746,0.12375303316257752,0.014693987597735238,0.8438932326772715
CTGAT,0.07387435966567808,0.0037746023186842814,0.8891884605014829,0.03316257751415476
ACACA,0.9439707673568819,0.020706455542021926,0.013093788063337393,0.022228989037758832
GATTT,0.017972987344464533,0.00436031053918962,0.031372966074657026,0.9462937360416889
GGAGA,0.8374741200828157,0.05238095238095238,0.030020703933747412,0.08012422360248447
ATGGA,0.0485781990521327,0.004739336492890996,0.9111374407582938,0.035545023696682464
TTAAC,0.5552147239263804,0.012269938650306749,0.011247443762781187,0.4212678936605317
TAACC,0.9519427402862985,0.02147239263803681,0.012269938650306749,0.014314928425357873
AACCC,0.024539877300613498,0.49079754601226994,0.009202453987730062,0.4754601226993865
ACCCT,0.056919642857142856,0.9200148809523809,0.012276785714285714,0.010788690476190476
CCCTA,0.021494370522006142,0.9631525076765609,0.011258955987717503,0.0040941658137154556
CCTAA,0.008436037698543465,0.0048770842944704405,0.010808673301258814,0.9758782047057273
CTAAC,0.45382228939622943,0.00787526847506165,0.014477766287487074,0.5238246758412218
TAACA,0.9463647199046484,0.011362733412793008,0.012077870480731029,0.030194676201827572
AACAA,0.029711686596728046,0.9355879979458587,0.0068960457780060155,0.027804269679407235
TAGAA,0.05546687948922586,0.028332003192338386,0.8890662410215483,0.02713487629688747
AGAAA,0.907682375726275,0.03227888960619755,0.02711426726920594,0.0329244673983215
ACAAA,0.9415862808145766,0.028938906752411574,0.018756698821007504,0.010718113612004287
CAAAG,0.9310122501611864,0.015473887814313346,0.039974210186976146,0.013539651837524178
AAAGC,0.9451966473243069,0.014829142488716958,0.009671179883945842,0.030303030303030304
GCTAA,0.024918032786885248,0.01639344262295082,0.02098360655737705,0.9377049180327869
CTAAT,0.9309593023255814,0.027858527131782947,0.027374031007751938,0.013808139534883721
AATCA,0.033690658499234305,0.03522205206738132,0.01225114854517611,0.9188361408882083
ATCAT,0.06431852986217458,0.8422664624808576,0.045941807044410414,0.04747320061255743
TCATG,0.9174311926605505,0.05657492354740061,0.021406727828746176,0.0045871559633027525
CATGC,0.01834862385321101,0.013761467889908258,0.019877675840978593,0.9480122324159022
ACATT,0.9500805152979066,0.016835016835016835,0.02034841165275948,0.012736056214317084
CATTT,0.02676864244741874,0.009177820267686425,0.03900573613766731,0.9250478011472275
TTTAC,0.030634573304157548,0.05552516411378556,0.05908096280087528,0.8547592997811816
TTACT,0.8875270367700072,0.0418168709444845,0.0410958904109589,0.029560201874549386
ACTGG,0.024201054917778467,0.013651877133105802,0.034129692832764506,0.9280173751163512
CTGGG,0.04631083202511774,0.01098901098901099,0.9097331240188383,0.03296703296703297
TGGGA,0.04690026954177898,0.014555256064690027,0.8415094339622642,0.09703504043126684
GGGAT,0.07069059271343121,0.010875475802066341,0.88689505165851,0.031538879825992384
GATGA,0.01886317907444668,0.011066398390342052,0.016851106639839034,0.9532193158953722
ATGAT,0.0630044259307472,0.006248372819578235,0.8982035928143712,0.03254360843530331
TGATG,0.8898174620628986,0.06553771717616011,0.029469980206729713,0.015174840554211567
ATGAC,0.04549019607843137,0.004705882352941176,0.9137254901960784,0.03607843137254902
TGACA,0.9254901960784314,0.04392156862745098,0.022745098039215685,0.00784313725490196
GACAA,0.03767660910518053,0.9191522762951334,0.007849293563579277,0.03532182103610675
ACAAG,0.957613814756672,0.018838304552590265,0.01726844583987441,0.006279434850863423
CAAGC,0.9505494505494505,0.029827315541601257,0.013343799058084773,0.006279434850863423
AAGCG,0.029649595687331536,0.027628032345013476,0.8969002695417789,0.04582210242587601
CATTG,0.036585365853658534,0.012195121951219513,0.036585365853658534,0.9146341463414634
TTGAC,0.0627177700348432,0.003484320557491289,0.9041811846689896,0.029616724738675958
TGACC,0.9355400696864111,0.029616724738675958,0.020905923344947737,0.013937282229965157
GACCC,0.0313588850174216,0.49825783972125437,0.006968641114982578,0.4634146341463415
CCCTT,0.048484848484848485,0.9307359307359307,0.006926406926406926,0.013852813852813853
CCTTC,0.014504881450488146,0.015341701534170154,0.016178521617852163,0.9539748953974896
CTTCT,0.03737796373779637,0.0030683403068340305,0.029567642956764294,0.9299860529986053
TTCTG,0.1314935064935065,0.839517625231911,0.01414656771799629,0.014842300556586271
AACTC,0.045021645021645025,0.9073593073593074,0.04415584415584416,0.003463203463203463
ACTCA,0.022113022113022112,0.009009009009009009,0.015561015561015561,0.9533169533169533
TTATT,0.9502418797512094,0.022805805114029024,0.017277125086385625,0.009675190048375951
TAATG,0.9126984126984127,0.026455026455026454,0.04497354497354497,0.015873015873015872
TGGTT,0.02959953569355775,0.0023215322112594312,0.9570516540917006,0.011027278003482298
GGTTA,0.006964596633778294,0.003482298316889147,0.006964596633778294,0.9825885084155542
GTTAC,0.03150525087514586,0.012835472578763127,0.025670945157526253,0.9299883313885647
TTACA,0.8542056074766355,0.03364485981308411,0.05100133511348465,0.061148197596795725
TACAC,0.046130385055280214,0.9313762866946245,0.003812428516965307,0.018680899733130005
CACAA,0.06621226874391431,0.9211295034079844,0.005842259006815969,0.006815968841285297
ACAAC,0.9045871559633027,0.02996941896024465,0.04036697247706422,0.02507645259938838
AACAG,0.05504587155963303,0.9323394495412844,0.005733944954128441,0.006880733944954129
ACAGA,0.953184957789716,0.01918649270913277,0.006907137375287797,0.02072141212586339
CCATT,0.9597806215722121,0.016453382084095063,0.017062766605728214,0.006703229737964655
CATTA,0.015137180700094607,0.004541154210028382,0.028949858088930937,0.951371807000946
TTAGT,0.9532237673830595,0.018963337547408345,0.01991150442477876,0.007901390644753476
TAGTT,0.048886948930597994,0.01571366215626364,0.9105194238323876,0.024879965080750764
AGTTA,0.008733624454148471,0.0069868995633187774,0.008733624454148471,0.9755458515283842
TATTG,0.028008298755186723,0.01037344398340249,0.05186721991701245,0.9097510373443983
CTGAA,0.03477051460361613,0.009735744089012517,0.9151599443671766,0.04033379694019471
AACTG,0.06392045454545454,0.9147727272727273,0.01278409090909091,0.008522727272727272
CTGGT,0.03826955074875208,0.003882418191902385,0.937603993344426,0.020244037714919578
ACTGC,0.013927576601671309,0.019498607242339833,0.012534818941504178,0.9540389972144847
AGTAG,0.0234333859926277,0.019483938915218536,0.020800421274354924,0.9362822538177988
TAACT,0.9005736137667304,0.030592734225621414,0.05162523900573614,0.017208413001912046
ACTAT,0.01562969642320409,0.012924556657649534,0.021039975954313193,0.9504057709648331
CTATG,0.9385826771653544,0.026771653543307086,0.02204724409448819,0.012598425196850394
TATGG,0.02776322682032478,0.00995285489785228,0.024096385542168676,0.9381875327396543
ACTAC,0.017094017094017096,0.01566951566951567,0.027065527065527065,0.9401709401709402
TCATT,0.9772727272727273,0.0,0.0,0.022727272727272728
AATTT,0.0,0.0,0.045454545454545456,0.9545454545454546
ATTTG,0.018656716417910446,0.004975124378109453,0.03482587064676617,0.9415422885572139
TTTGG,0.028606965174129355,0.008706467661691543,0.043532338308457715,0.9191542288557214
TTGGC,0.022727272727272728,0.022727272727272728,0.7954545454545454,0.1590909090909091
TGGCA,0.0779537149817296,0.020097442143727162,0.8702801461632156,0.031668696711327646
GGCAT,0.09090909090909091,0.8636363636363636,0.022727272727272728,0.022727272727272728
CATAT,0.06896551724137931,0.0,0.017241379310344827,0.9137931034482759
ATATA,0.9572736520854527,0.018311291963377416,0.00508646998982706,0.019328585961342827
TATAG,0.0,0.045454545454545456,0.045454545454545456,0.9090909090909091
AGTAT,0.01717557251908397,0.007633587786259542,0.030534351145038167,0.9446564885496184
GTATC,0.9058823529411765,0.023529411764705882,0.07058823529411765,0.0
TATCT,0.20454545454545456,0.0,0.045454545454545456,0.75
ATCTA,0.03467297084318361,0.9314420803782506,0.006304176516942475,0.027580772261623327
CACCC,0.06559766763848396,0.9183673469387755,0.008746355685131196,0.007288629737609329
ACCCA,0.04956268221574344,0.8673469387755102,0.01020408163265306,0.0728862973760933
CCCAC,0.10204081632653061,0.8760932944606414,0.01020408163265306,0.011661807580174927
CCACT,0.9037900874635568,0.030612244897959183,0.04081632653061224,0.02478134110787172
CACTC,0.04654255319148936,0.901595744680851,0.010638297872340425,0.041223404255319146
GAGAG,0.041025641025641026,0.0015384615384615385,0.9338461538461539,0.02358974358974359
AGAGC,0.9314254859611231,0.023758099352051837,0.03455723542116631,0.010259179265658747
GAGCC,0.02591792656587473,0.008639308855291577,0.923866090712743,0.041576673866090715
AGCCA,0.06803455723542116,0.8898488120950324,0.020518358531317494,0.02159827213822894
CCAAA,0.922740524781341,0.02478134110787172,0.027696793002915453,0.02478134110787172
GTGGG,0.058637083993660855,0.00792393026941363,0.8827258320126783,0.05071315372424723
TAAGT,0.9367088607594937,0.04257767548906789,0.014959723820483314,0.005753739930955121
AATTC,0.02200825309491059,0.008253094910591471,0.02888583218707015,0.9408528198074277
ATTCT,0.061197916666666664,0.010416666666666666,0.046875,0.8815104166666666
ATGGC,0.06464924346629987,0.0041265474552957355,0.8830811554332875,0.048143053645116916
GGCAG,0.06570713391739674,0.869837296620776,0.005632040050062578,0.058823529411764705
CAGTG,0.207096971550933,0.004282655246252677,0.7815845824411135,0.007035790761700826
GTGCA,0.07448275862068965,0.005517241379310344,0.8855172413793103,0.034482758620689655
AATAT,0.020710059171597635,0.026627218934911243,0.05621301775147929,0.8964497041420119
ATATG,0.9329192546583851,0.02857142857142857,0.008695652173913044,0.02981366459627329
ATGGG,0.05405405405405406,0.0,0.8864864864864865,0.05945945945945946
TGGGG,0.03404255319148936,0.02553191489361702,0.8468085106382979,0.09361702127659574
GGGGT,0.07142857142857142,0.0,0.8869047619047619,0.041666666666666664
GGGTG,0.05389221556886228,0.005988023952095809,0.9101796407185628,0.029940119760479042
GTGAC,0.06722689075630252,0.0,0.9159663865546218,0.01680672268907563
TGACG,0.9495798319327731,0.01680672268907563,0.01680672268907563,0.01680672268907563
GACGG,0.058823529411764705,0.9243697478991597,0.0,0.01680672268907563
ACGGG,0.058333333333333334,0.016666666666666666,0.8916666666666667,0.03333333333333333
CGGGA,0.11666666666666667,0.008333333333333333,0.8416666666666667,0.03333333333333333
GGGAG,0.0364963503649635,0.0364963503649635,0.8321167883211679,0.0948905109489051
GGAGC,0.9161585365853658,0.019817073170731708,0.024390243902439025,0.039634146341463415
GAGCA,0.05945121951219512,0.012195121951219513,0.913109756097561,0.01524390243902439
AGCAC,0.03380876914949815,0.9144215530903328,0.006603275224511358,0.045166402535657686
GCACA,0.9655612244897959,0.01020408163265306,0.01403061224489796,0.01020408163265306
TTACC,0.854997854997855,0.029601029601029602,0.02616902616902617,0.08923208923208924
TACCC,0.08898678414096917,0.6308370044052863,0.01145374449339207,0.2687224669603524
GTGGC,0.056128293241695305,0.012600229095074456,0.8980526918671249,0.033218785796105384
GTACC,0.7688679245283019,0.01981132075471698,0.013207547169811321,0.19811320754716982
TACCA,0.048113207547169815,0.9198113207547169,0.01981132075471698,0.012264150943396227
ACCAT,0.030217186024551465,0.9244570349386213,0.0056657223796034,0.039660056657223795
CCATC,0.9524262607040913,0.015223596574690771,0.02093244529019981,0.011417697431018078
CATCT,0.06454248366013073,0.03349673202614379,0.03104575163398693,0.8709150326797386
GGTAA,0.009926470588235294,0.006433823529411764,0.01011029411764706,0.9735294117647059
AATAC,0.015296757087497451,0.008362227207831939,0.01223740566999796,0.9641036100346726
TGATT,0.9155140186915888,0.0302803738317757,0.034766355140186916,0.0194392523364486
GATTC,0.029541446208112873,0.007936507936507936,0.03527336860670194,0.9272486772486772
ATTCA,0.015432098765432098,0.005291005291005291,0.024691358024691357,0.9545855379188712
TTCAT,0.06743986254295532,0.8646907216494846,0.05412371134020619,0.013745704467353952
TCATC,0.9248281786941581,0.028780068728522335,0.024054982817869417,0.022336769759450172
CATCC,0.06832831972496776,0.01461108723678556,0.02578427159432746,0.8912763214439192
TATGA,0.017467248908296942,0.01455604075691412,0.023289665211062592,0.9446870451237264
GCACC,0.9311740890688259,0.02327935222672065,0.02327935222672065,0.022267206477732792
CCTGC,0.00749063670411985,0.012484394506866416,0.031210986267166042,0.9488139825218477
CTGCG,0.033707865168539325,0.00749063670411985,0.9263420724094882,0.03245942571785269
TGCGA,0.03745318352059925,0.9400749063670412,0.0149812734082397,0.00749063670411985
GCGAA,0.02247191011235955,0.008739076154806492,0.9275905118601748,0.04119850187265917
CGAAT,0.9550561797752809,0.019975031210986267,0.02122347066167291,0.003745318352059925
TCCTT,0.04533333333333334,0.9058666666666667,0.034666666666666665,0.014133333333333333
GTTAT,0.034797738147020446,0.006959547629404089,0.35363201391909527,0.6046107003044802
TTATA,0.9372462163159837,0.0221483942414175,0.02399409376153562,0.016611295681063124
TATAC,0.06901840490797546,0.011758691206543968,0.01789366053169734,0.9013292433537833
GATAT,0.016727272727272726,0.005090909090909091,0.03563636363636364,0.9425454545454546
GTGGA,0.0695970695970696,0.006105006105006105,0.8742368742368742,0.050061050061050064
GAAGC,0.9561643835616438,0.012328767123287671,0.019178082191780823,0.012328767123287671
AAGCA,0.04038461538461539,0.007692307692307693,0.9346153846153846,0.01730769230769231
CACAG,0.0951276102088167,0.8677494199535963,0.030162412993039442,0.0069605568445475635
ATTTT,0.013596491228070176,0.011403508771929825,0.034210526315789476,0.9407894736842105
TTTTA,0.03307737743650325,0.004134672179562906,0.044300059066745424,0.9184878913171884
TACCT,0.08277591973244147,0.8795986622073578,0.024247491638795988,0.013377926421404682
ACCTG,0.04602510460251046,0.9313807531380753,0.011715481171548118,0.010878661087866108
CCAGT,0.9666666666666667,0.008333333333333333,0.0,0.025
GTAAG,0.9527027027027027,0.006756756756756757,0.013513513513513514,0.02702702702702703
CCTTA,0.00984102952308857,0.00984102952308857,0.02195306585919758,0.9583648750946253
CTTAC,0.02096890817064353,0.007953723788864787,0.019522776572668113,0.9515545914678236
CAACG,0.9270976616231087,0.04126547455295736,0.01925722145804677,0.012379642365887207
AACGG,0.030261348005502064,0.9147180192572214,0.0041265474552957355,0.05089408528198074
ACGGT,0.027510316368638238,0.0041265474552957355,0.951856946354883,0.016506189821182942
CGGTG,0.023383768913342505,0.0068775790921595595,0.9422283356258597,0.027510316368638238
ATACA,0.9447963800904977,0.02081447963800905,0.01809954751131222,0.016289592760180997
CACCG,0.0671806167400881,0.9185022026431718,0.005506607929515419,0.00881057268722467
ACCGA,0.014317180616740088,0.9096916299559471,0.006607929515418502,0.06938325991189427
CCGAC,0.02092511013215859,0.0022026431718061676,0.9504405286343612,0.02643171806167401
CGACA,0.9636563876651982,0.024229074889867842,0.00881057268722467,0.003303964757709251
GACAC,0.03303964757709251,0.8931718061674009,0.053964757709251104,0.019823788546255508
ACACT,0.9515418502202643,0.014317180616740088,0.015418502202643172,0.018722466960352423
CACTG,0.0739404869251578,0.9035166816952209,0.015329125338142471,0.007213706041478809
GTAAC,0.4171322160148976,0.00186219739292365,0.0148975791433892,0.5661080074487895
TTTTT,0.0439453125,0.009765625,0.0400390625,0.90625
TTTTC,0.035977859778597784,0.005535055350553505,0.0470479704797048,0.9114391143911439
TTTCC,0.0185546875,0.0107421875,0.0302734375,0.9404296875
TTCCT,0.0595703125,0.908203125,0.01953125,0.0126953125
GGAAT,0.6632653061224489,0.02040816326530612,0.3010204081632653,0.015306122448979591
AATGA,0.017660044150110375,0.008830022075055188,0.02207505518763797,0.9514348785871964
CCAGG,0.8642857142857143,0.03571428571428571,0.03571428571428571,0.06428571428571428
CAGGA,0.05737704918032787,0.00819672131147541,0.9016393442622951,0.03278688524590164
AGGAA,0.05737704918032787,0.01639344262295082,0.860655737704918,0.06557377049180328
AAATG,0.9525222551928784,0.020771513353115726,0.020771513353115726,0.005934718100890208
ACTTC,0.016260162601626018,0.016260162601626018,0.008130081300813009,0.959349593495935
GATTA,0.03014416775884666,0.014416775884665793,0.023591087811271297,0.9318479685452162
GGTTT,0.03131991051454139,0.0022371364653243847,0.042505592841163314,0.9239373601789709
GTTTT,0.024608501118568233,0.006711409395973154,0.04697986577181208,0.9217002237136466
CCCTG,0.04864864864864865,0.9207207207207208,0.016216216216216217,0.014414414414414415
GTATA,0.9239373601789709,0.035794183445190156,0.029082774049217,0.011185682326621925
TATAA,0.04741379310344827,0.034482758620689655,0.028017241379310345,0.8900862068965517
TAGCT,0.07014028056112225,0.014028056112224449,0.8957915831663327,0.02004008016032064
GCTAT,0.09018036072144289,0.004008016032064128,0.02004008016032064,0.8857715430861723
CTATA,0.905811623246493,0.06012024048096192,0.012024048096192385,0.022044088176352707
TATAT,0.023474178403755867,0.004694835680751174,0.04225352112676056,0.9295774647887324
TTGGA,0.026905829596412557,0.004484304932735426,0.9237668161434978,0.04484304932735426
GCACT,0.9833564493758669,0.0036985668053629217,0.009246417013407305,0.0036985668053629217
GGTGT,0.002617801047120419,0.0,0.002617801047120419,0.9947643979057592
GTGTT,0.02356020942408377,0.0,0.9712041884816754,0.005235602094240838
TGTTT,0.03909465020576132,0.16049382716049382,0.4567901234567901,0.3436213991769547
GTTTC,0.010723860589812333,0.0,0.0,0.9892761394101877
TTTCT,0.8310991957104558,0.0,0.00804289544235925,0.16085790884718498
TTCTA,0.024154589371980676,0.966183574879227,0.004830917874396135,0.004830917874396135
TCTAG,0.002680965147453083,0.00804289544235925,0.002680965147453083,0.9865951742627346
ATTAC,0.016713091922005572,0.07520891364902507,0.02924791086350975,0.8788300835654597
TACAT,0.023121387283236993,0.9364161849710982,0.005780346820809248,0.03468208092485549
ACATC,0.9541666666666667,0.016666666666666666,0.020833333333333332,0.008333333333333333
TACAG,0.021956856702619414,0.9634052388289677,0.0023112480739599386,0.012326656394453005
ACAGT,0.9749421742482652,0.009252120277563608,0.008095605242868157,0.007710100231303007
CAGTC,0.024253731343283583,0.0,0.9626865671641791,0.013059701492537313
AGTCA,0.029850746268656716,0.013059701492537313,0.054104477611940295,0.9029850746268657
GTCAA,0.07276119402985075,0.8656716417910447,0.009328358208955223,0.05223880597014925
TCAAA,0.9477611940298507,0.016791044776119403,0.027985074626865673,0.007462686567164179
CAAAT,0.9776119402985075,0.007462686567164179,0.009328358208955223,0.005597014925373134
GCAAA,0.9496268656716418,0.020522388059701493,0.013059701492537313,0.016791044776119403
CTACA,0.9935355544505221,0.0029835902536051715,0.0014917951268025858,0.001989060169070114
GGAGG,0.87109375,0.04296875,0.02734375,0.05859375
GAGGT,0.1262135922330097,0.0048543689320388345,0.8592233009708737,0.009708737864077669
AGGTG,0.07281553398058252,0.014563106796116505,0.8786407766990292,0.03398058252427184
CATCA,0.05970149253731343,0.014925373134328358,0.04477611940298507,0.8805970149253731
ATCAC,0.046296296296296294,0.9537037037037037,0.0,0.0
TCACT,0.8504672897196262,0.018691588785046728,0.1308411214953271,0.0
CTCAT,0.06060606060606061,0.8939393939393939,0.0,0.045454545454545456
TCATA,0.8484848484848485,0.045454545454545456,0.10606060606060606,0.0
CATAG,0.014925373134328358,0.04477611940298507,0.014925373134328358,0.9253731343283582
GGGGA,0.04477611940298507,0.05970149253731343,0.8059701492537313,0.08955223880597014
GGGAA,0.029850746268656716,0.0,0.9253731343283582,0.04477611940298507
AACTT,0.06172839506172839,0.9135802469135802,0.012345679012345678,0.012345679012345678
ACTTT,0.02608695652173913,0.02608695652173913,0.02608695652173913,0.9217391304347826
TTGTT,0.07207207207207207,0.0,0.8828828828828829,0.04504504504504504
GTTTA,0.008849557522123894,0.0,0.017699115044247787,0.9734513274336283
CAGGT,0.05555555555555555,0.0,0.9444444444444444,0.0
AGGTA,0.2222222222222222,0.0,0.7777777777777778,0.0
GTACG,0.8888888888888888,0.0,0.0,0.1111111111111111
CGATA,0.8888888888888888,0.0,0.1111111111111111,0.0
CAAGT,0.9652173913043478,0.013043478260869565,0.021739130434782608,0.0
GTAGA,0.9478260869565217,0.021739130434782608,0.02608695652173913,0.004347826086956522
TGGAC,0.0472972972972973,0.006756756756756757,0.8445945945945946,0.10135135135135136
GGACT,0.8716216216216216,0.02027027027027027,0.0945945945945946,0.013513513513513514
GACTG,0.05405405405405406,0.9391891891891891,0.0,0.006756756756756757
GAGGC,0.08108108108108109,0.0,0.8175675675675675,0.10135135135135136
AGGCA,0.08108108108108109,0.033783783783783786,0.8445945945945946,0.04054054054054054
GGCAC,0.08783783783783784,0.8378378378378378,0.013513513513513514,0.060810810810810814
CACTA,0.14386154678204435,0.8550567874526771,0.0,0.001081665765278529
AGCGG,0.02857142857142857,0.8380952380952381,0.009523809523809525,0.12380952380952381
GCGGT,0.03333333333333333,0.0,0.9523809523809523,0.014285714285714285
CGGTA,0.02857142857142857,0.0,0.9714285714285714,0.0
AGAGG,0.9285714285714286,0.01020408163265306,0.02040816326530612,0.04081632653061224
AAAAT,1.0,0.0,0.0,0.0
GAAAA,1.0,0.0,0.0,0.0
AAAAA,0.9411764705882353,0.0,0.058823529411764705,0.0
CACTT,0.14285714285714285,0.8246753246753247,0.006493506493506494,0.025974025974025976
TTTCA,0.016666666666666666,0.016666666666666666,0.016666666666666666,0.95
CTTTT,0.0,0.04,0.06,0.9
TATGT,0.02,0.0,0.02,0.96
ATGTA,0.06,0.0,0.8,0.14
TGTAC,0.0,0.0,0.02,0.98
GATGC,0.23214285714285715,0.0,0.008928571428571428,0.7589285714285714
ATGCT,0.017857142857142856,0.19642857142857142,0.7232142857142857,0.0625
TGCTA,0.026785714285714284,0.9375,0.017857142857142856,0.017857142857142856
GCTAG,0.0449438202247191,0.033707865168539325,0.033707865168539325,0.8876404494382022
CACAT,0.04878048780487805,0.8780487804878049,0.0,0.07317073170731707
CATTC,0.024390243902439025,0.04878048780487805,0.04878048780487805,0.8780487804878049
TCTAC,0.0,0.0,0.024390243902439025,0.975609756097561
GGTAT,0.07317073170731707,0.04878048780487805,0.024390243902439025,0.8536585365853658
TATCA,0.0,0.07317073170731707,0.0,0.926829268292683
GTATT,0.9753086419753086,0.0,0.0,0.024691358024691357
AATTG,0.0,0.0,0.0,1.0
TTGGG,0.05,0.0,0.925,0.025
TGGGT,0.075,0.05,0.875,0.0
GGGTC,0.025,0.0,0.975,0.0
GGTCA,0.0,0.0,0.0,1.0
GTCAG,0.025,0.975,0.0,0.0
TCAGA,0.875,0.025,0.05,0.05
ACTTG,0.0,0.0,0.14285714285714285,0.8571428571428571
CTTGT,0.14285714285714285,0.07142857142857142,0.07142857142857142,0.7142857142857143
TTGTG,0.0,0.0,1.0,0.0
TGTGG,0.0,0.0,0.0,1.0
CATAC,0.06060606060606061,0.0,0.0,0.9393939393939394
ACTCC,0.06060606060606061,0.0,0.09090909090909091,0.8484848484848485
CTCCC,0.09090909090909091,0.8484848484848485,0.030303030303030304,0.030303030303030304
TCCCA,0.09090909090909091,0.8787878787878788,0.030303030303030304,0.0
CCCAA,0.09090909090909091,0.8484848484848485,0.06060606060606061,0.0
CCAAG,0.9696969696969697,0.0,0.0,0.030303030303030304
AGAAC,0.9393939393939394,0.030303030303030304,0.0,0.030303030303030304
GAACA,0.9393939393939394,0.0,0.0,0.06060606060606061
TGTTG,0.0,0.1111111111111111,0.0,0.8888888888888888
GTTGG,0.0,0.0,0.0,1.0
CTAGT,0.9259259259259259,0.0,0.037037037037037035,0.037037037037037035
GAATA,1.0,0.0,0.0,0.0
GGTCT,0.0,0.0,0.0,1.0
GTCTG,0.0,1.0,0.0,0.0
AGCAT,0.0,1.0,0.0,0.0
AGCTC,0.0,0.9166666666666666,0.08333333333333333,0.0
GCTCC,0.0,0.0,0.08333333333333333,0.9166666666666666
CTCCA,0.0,0.9166666666666666,0.0,0.08333333333333333
ATGTT,0.0,0.0,1.0,0.0
