kmer,A,C,G,T
CTGGC,0.037597779460005046,0.011386575826394145,0.8828538985616957,0.06816174615190512
TGGCT,0.03858956972013315,0.02826408580939465,0.8971766736530637,0.035969670817408456
GGCTA,0.03910133843212237,0.9064372211599745,0.018323773103887827,0.0361376673040153
GCTAC,0.03423137304437267,0.04168395979573055,0.03350957287474963,0.8905750942851471
CTACA,0.8863888608616689,0.036449399656946824,0.01639592372111795,0.06076581576026637
TACAC,0.04957429635222746,0.828260473351212,0.00895670060145286,0.11320852969510767
ACACC,0.8965321435814236,0.03950517136483472,0.02441695396471304,0.0395457310890286
CACCT,0.056548433772633064,0.8785733839114622,0.014000234640804035,0.0508779476751007
ACCTT,0.039356518817204304,0.9116263440860215,0.023689516129032258,0.025327620967741934
CCTTC,0.03499777084262149,0.01107148164660425,0.03763560707385941,0.9162951404369148
CTTCA,0.03071104387291982,0.026210287443267775,0.04190620272314675,0.9011724659606657
TTCAC,0.047557603686635946,0.899852534562212,0.013179723502304147,0.039410138248847926
TCACC,0.8585106382978723,0.052245862884160756,0.037115839243498816,0.052127659574468084
CACCA,0.0631531122217174,0.8787564094242877,0.03394560913870319,0.02414486921529175
ACCAG,0.04022058382784871,0.9285500209794402,0.009350836180543068,0.021878559012168074
CCAGC,0.8872187138664057,0.03317619852352575,0.04384950635951258,0.035755581250555904
CAGCT,0.08240502713510425,0.0384175949728649,0.8451870894030277,0.033990288489003144
AGCTA,0.03125818277035873,0.901839486776643,0.019114951557999475,0.04778737889499869
CTACT,0.9440887881479666,0.02268712796479513,0.01468230873689262,0.018541775150345618
TACTG,0.016889124463932925,0.9609694983857755,0.007866332578422397,0.014275044571869127
ACTGG,0.02862355309511827,0.013525415198792148,0.0485971313537997,0.9092539003522899
CTGGA,0.036209414119538645,0.007563452609473184,0.884251283818149,0.07197584945283916
TGGAT,0.034473067915690866,0.022201405152224823,0.9051990632318501,0.03812646370023419
ATATT,0.9627109417528579,0.009471965160587915,0.013881328252585737,0.013935764833968427
TATTA,0.013491154384625175,0.009248653005812226,0.025412583259089558,0.9518476093504731
ATTAA,0.010979808318600539,0.010747185261003071,0.01791197543500512,0.9603610309853913
TTAAT,0.8762190547636909,0.022447919672225747,0.0450689595475792,0.056264066016504126
TAATC,0.703585031134756,0.0180158394292969,0.016141708481953933,0.2622574209539931
AATCC,0.01990551181102362,0.008,0.018519685039370078,0.9535748031496063
ATCCT,0.05093310364628194,0.9213034740166524,0.013982199253517083,0.013781223083548665
TCCTA,0.03173942452781102,0.9461990738331859,0.00988605026276081,0.01217545137624226
CCTAG,0.018145161290322582,0.04516129032258064,0.017338709677419354,0.9193548387096774
CTAGC,0.7393797237425072,0.02397706541568934,0.18999218139171228,0.04665102945009122
TAGCA,0.07091581466173591,0.017293887317815965,0.8950402436371546,0.016750054383293453
AGCAA,0.0456989247311828,0.8878648233486943,0.015937019969278033,0.05049923195084485
GCAAT,0.9268127016471387,0.018339276617422313,0.02445236882322975,0.030395652912209203
CAATG,0.9606616624965248,0.016958576591604116,0.017375590770086182,0.0050041701417848205
AATGG,0.009358526328259195,0.007403897411597465,0.010898536989871468,0.9723390392702719
ATGGT,0.04188578525937475,0.004254644433286647,0.9298644327581195,0.0239951375492191
TGGTG,0.05240242575027212,0.016910278339294045,0.9115223137925672,0.019164982117866585
GGTGG,0.014745864245887287,0.007695497903322427,0.017003824708538777,0.9605548131422516
GTGGT,0.056983579025937675,0.004991602910990857,0.9056260496361261,0.03239876842694533
TGGTA,0.1369947710570944,0.013425664217071791,0.8177466082532504,0.03183295647258338
GGTAC,0.01153590179693855,0.007875471419063817,0.018856762552688013,0.9617318642313096
GTACT,0.9608444891264089,0.01629715857981904,0.011561458278215779,0.01129689401555638
TACTA,0.03597565773942239,0.912677386354694,0.009102116832358419,0.04224483907352517
ACTAA,0.015213487629688747,0.024840383080606543,0.02653631284916201,0.9334098164405427
GTGCA,0.07472576311589665,0.0018989515363325993,0.8838407304902931,0.03953455485747763
TGCAA,0.04125090797874374,0.9040792139771381,0.019650571548725005,0.035019306495393206
GCAAG,0.9517085766126219,0.015562120542464352,0.01749284700737398,0.015236455837539836
ACTAC,0.011945010183299389,0.011812627291242363,0.03454175152749491,0.9417006109979633
CTACG,0.9417609225992459,0.023508538478598358,0.018274561987136836,0.01645597693501885
TACGG,0.009734892548827527,0.9793669258556297,0.003306189922243311,0.0075919916732994554
ACGGT,0.015189721421709894,0.0034822286263208454,0.9584534101825168,0.02287463976945245
CGGTA,0.01453287197231834,0.003397294746775716,0.9666561811890532,0.015413652091852784
GGTAG,0.05256527714154833,0.00864635822262941,0.013084058634906092,0.9257043060009161
GTAGT,0.9537150564001962,0.012536782736635606,0.023448994605198628,0.010299166257969592
TAGTA,0.046857142857142854,0.012077220077220077,0.925034749034749,0.016030888030888032
AGTAG,0.013106885730108916,0.013291489754476648,0.024136976186080857,0.9494646483293335
GTAGC,0.9583149644868969,0.012196914033798677,0.01709527308351702,0.012392848395787411
TAGCT,0.04846048839678447,0.01274078568178371,0.9196875473987562,0.019111178522675566
TACTT,0.012126328715606892,0.9604743083003953,0.004758432787136882,0.02264093019686097
ACTTC,0.016310052482842147,0.014372224465078725,0.032377876463463864,0.9369398465886153
CTTCG,0.011916674247248248,0.00636768852906395,0.021286273082870916,0.9604293641408169
TTCGA,0.009192501802451333,0.9470980533525595,0.016041816870944484,0.0276676279740447
TCGAT,0.007098791515253951,0.001267641342009634,0.9758303050790164,0.015803262063720104
CGATG,0.9702523614831524,0.014309882983222897,0.009304948540814888,0.006132806992809813
GATGT,0.0015842281288505544,0.020066889632107024,0.009945432142228481,0.968403450096814
ATGTC,0.0014901823281907433,0.0008765778401122019,0.9579242636746143,0.03970897615708275
TGTCT,0.027151683926551214,0.003306935862849186,0.013575841963275607,0.955965538247324
GTCTG,0.0037323149032202066,0.9545178369933166,0.004600295113271417,0.03714955299019183
GGATT,0.8741201313937119,0.05214687939934303,0.02956358517128109,0.04416940403566401
GATTC,0.04082876294942109,0.006616174806302777,0.044049795420910594,0.9085052668233655
ATTCA,0.02533167126702876,0.021770100614370937,0.035571186893419995,0.9173270412251803
TTCAG,0.057067859226132604,0.8862531596344546,0.015944001555512347,0.040734979583900446
TCAGC,0.87625,0.04625,0.035,0.0425
AGCTT,0.0569164265129683,0.8955331412103746,0.016570605187319884,0.030979827089337175
GCTTC,0.04633401221995927,0.011456211812627291,0.04837067209775967,0.8938391038696538
TTCAA,0.07425887877898445,0.8711476372174934,0.02083944819489287,0.03375403580862929
TCAAT,0.8866995073891626,0.06052076002814919,0.025334271639690358,0.02744546094299789
CAATA,0.9339793069469535,0.037280341599605846,0.014780752176055182,0.01395959927738545
AATAC,0.02892432770481551,0.021575984990619138,0.0207942464040025,0.9287054409005628
ATACC,0.8661979946986286,0.030886251008413045,0.06246398524835773,0.04045176904460067
TACCT,0.08001689010873007,0.8754354481156973,0.02480734719729758,0.019740314578275096
ACCTA,0.0334851326011251,0.9287436378248057,0.008438253415483526,0.02933297615858559
CCTAC,0.02049949473076368,0.006785044030604879,0.03984408834993504,0.9328713728886964
TACGC,0.05030355594102342,0.8988146863255276,0.027464585140213934,0.023417172593235037
ACGCC,0.06294536817102138,0.020783847980997625,0.8479809976247031,0.06828978622327792
CGCCA,0.10579345088161209,0.7896725440806045,0.06801007556675064,0.036523929471032744
GCCAT,0.06951871657754011,0.8897573015220074,0.02262443438914027,0.01809954751131222
GCATA,0.9519595448798989,0.022123893805309734,0.014538558786346398,0.011378002528445006
CATAA,0.023873517786561264,0.007430830039525692,0.02893280632411067,0.9397628458498024
ATAAG,0.9319497388112382,0.019200903571932798,0.015106593251447127,0.0337427643653819
TAAGA,0.9436850738108256,0.02733734281027884,0.02241662110442865,0.0065609622744669215
AAGAA,0.04469606674612634,0.004171632896305125,0.9076281287246722,0.043504171632896306
AGAAG,0.9175467099918765,0.045491470349309504,0.013403736799350122,0.023558082859463852
GAAGT,0.9583127531364221,0.011459053640225229,0.014422601995455893,0.01580559122789687
AAGTA,0.03989030167040638,0.027923211169284468,0.8908002991772626,0.04138618798304662
AGTAA,0.015007745933384973,0.015395042602633618,0.03117738187451588,0.9384198295894656
GTAAA,0.9588116137744767,0.02025658338960162,0.01012829169480081,0.010803511141120865
TAAAA,0.9323607427055703,0.032714412024756855,0.016799292661361626,0.018125552608311227
AAAAG,0.9391003460207612,0.018685121107266434,0.010380622837370242,0.03183391003460208
AAAGT,0.966410076976907,0.013296011196641007,0.012596221133659902,0.007697690692792162
GTAAT,0.7015590200445434,0.012026726057906459,0.27216035634743874,0.014253897550111359
TAATA,0.75099685204617,0.026128016789087095,0.21217208814270724,0.010703043022035676
AATAA,0.023913422935939954,0.015011345784604642,0.016931401640775005,0.9441438296386804
ATAAT,0.9089113257243195,0.023485513608428446,0.043239683933274806,0.024363476733977173
TAATT,0.9427155053704214,0.028642247314789315,0.01569815477829799,0.012944092536491324
AATTA,0.027106435408965974,0.011657662780779073,0.03345654440337409,0.9277793574068809
ATTAT,0.05100246218782976,0.00809004572634541,0.04396763981709462,0.8969398522687302
TTATG,0.945176960444136,0.028452463566967384,0.012352532963219986,0.014018043025676613
TATGC,0.015183740990192603,0.023632281696797826,0.027118043247075504,0.9340659340659341
ATGCA,0.04660566077888913,0.004256224728665673,0.9163651840817195,0.03277293041072569
GCAAC,0.9248229904206581,0.031445231153685964,0.013952519783423574,0.029779258642232402
CAACA,0.7913620132630506,0.07269171909539195,0.018874341098452645,0.11707192654310491
AACAT,0.05387980658530969,0.7993322588072761,0.012203545935988947,0.13458438867142528
ACATA,0.9566322926967086,0.02005933041390027,0.012007345670292414,0.011301031219098742
GTGTG,0.014684287812041116,0.0014684287812041115,0.9493392070484582,0.03450807635829662
TGTGA,0.024297646165527716,0.011389521640091117,0.037965072133637055,0.9263477600607442
GTGAG,0.020634920634920634,0.004761904761904762,0.9396825396825397,0.03492063492063492
TGAGA,0.9028227672373901,0.01064322073114299,0.053678852383155944,0.03285515964831097
GAGAC,0.023323615160349854,0.0029154518950437317,0.9650145772594753,0.008746355685131196
AGACA,0.9606342263531985,0.01038819026790596,0.014215418261344996,0.014762165117550574
ACTAT,0.028637798990962214,0.011832601357482486,0.04061558564117455,0.9189140140103808
CTATG,0.9431881474880249,0.019783892168876018,0.01722178901637518,0.01980617132672385
TATGG,0.014711575687185443,0.014979600345454005,0.024122219244170465,0.94618660472319
GGTAA,0.006463527239150508,0.006155740227762389,0.008618036318867343,0.9787626962142197
GTAAC,0.940908278204899,0.0067942070445199355,0.015644555694618274,0.03665295905596281
TAACT,0.9454913702007749,0.026153575202536104,0.018844663613948574,0.009510390982740402
AACTA,0.03199015687480775,0.9215625961242695,0.013431764585255818,0.03301548241566697
ATGCT,0.009022556390977444,0.004511278195488722,0.9508508112386229,0.03561535417491096
TGCTA,0.020552892507715543,0.9441854356819227,0.012344868343292403,0.022916803467069407
GCTAT,0.015314161906637778,0.018120937561552097,0.022454205239314556,0.9441106952924956
ATGGA,0.01433463406864697,0.006211674763080354,0.9401529027633989,0.03930078840487378
TGGAC,0.003507599799565726,0.0022270474917877622,0.9807360391960358,0.013529313512610656
GGACT,0.9823279798034055,0.008970295966052533,0.0034914325616372133,0.005210291668904765
GACTA,0.017598973667330056,0.958535502228655,0.005904702379973355,0.017960821724041513
ACACA,0.777330312945717,0.03070727410017619,0.019464720194647202,0.1724976927594597
CACAT,0.033571509583758645,0.9443121243053193,0.010094136327549052,0.01202222978337303
ACATT,0.9083671900735698,0.04320852091797518,0.021467003403974963,0.02695728560448007
CATTT,0.029497805948317895,0.01901511457825451,0.03924914675767918,0.9122379327157484
ATTTA,0.013930151185053146,0.012147619990757245,0.025813692480359147,0.9481085363438304
TTTAC,0.029527223075610173,0.05017921146953405,0.05137395459976105,0.8689196108550947
TTACC,0.8522454576619815,0.03805279396640384,0.025711347274597188,0.08399040109701748
TACCA,0.0514018691588785,0.9100467289719626,0.02102803738317757,0.017523364485981307
CTATT,0.9175658178679327,0.02589555459646094,0.025032369443245578,0.03150625809236081
TATTT,0.021904142268488396,0.012795489047928866,0.0275428323574062,0.9377575363261765
TTTAT,0.07380130418105102,0.012811660912926735,0.04556962025316456,0.8678174146528577
TTATC,0.7742102985720467,0.03392470791864993,0.030809173517957596,0.16105581999134574
TATCC,0.020580640112684873,0.012677048282338212,0.02425854918225213,0.9424837624227248
TCCTG,0.03426609664464309,0.9475968389687783,0.009392408343049618,0.008744656043528955
CCTGG,0.008520609223559485,0.003887527958249015,0.011023538182980084,0.9765683246352114
TGGAA,0.14451951951951952,0.08252002002002003,0.7490615615615616,0.023898898898898898
GGAAA,0.8892773892773893,0.03263403263403263,0.026806526806526808,0.05128205128205128
GAAAT,0.9157330735509012,0.027520701412566975,0.03872381880175353,0.01802240623477837
AAATA,0.9106463878326996,0.057034220532319393,0.02091254752851711,0.011406844106463879
AATAG,0.02164111812443643,0.018034265103697024,0.024346257889990983,0.9359783588818755
ATAGT,0.9596919383876775,0.008301660332066413,0.023904780956191238,0.008101620324064814
TAGTG,0.031490080202617135,0.013254537779653863,0.9265512874630646,0.028704094554664415
AGTGA,0.01881218905472637,0.023165422885572138,0.05534825870646766,0.9026741293532339
GTGAT,0.08896991795806745,0.006563354603463993,0.8716499544211486,0.032816773017319965
TGATA,0.9086847468255213,0.03527198620473428,0.03699639441918796,0.019046872550556513
GATAC,0.027884471491993815,0.006684291914002095,0.020002992966528656,0.9454282436274755
ATACT,0.9315637541364501,0.0209110751249736,0.030275293951981974,0.01724987678659438
ACTAG,0.010770975056689343,0.012309685779073534,0.012147716229348883,0.9647716229348883
ACTTT,0.01873159057437408,0.036818851251840944,0.043584315169366714,0.9008652430044183
CTTTG,0.007954545454545454,0.00900974025974026,0.01534090909090909,0.9676948051948052
TTTGA,0.0036153289949385392,0.010629067245119306,0.03036876355748373,0.9553868402024585
TTGAC,0.005119240854039206,0.002559620427019603,0.9827693844425022,0.009551754276439006
TGACT,0.6769482938459246,0.08975314160830478,0.22346396463517607,0.009834599910594547
GGCTT,0.05499231950844854,0.8786482334869432,0.028878648233486945,0.03748079877112135
TCAAC,0.849457058242843,0.03652517275419546,0.015301085883514315,0.09871668311944719
CATTA,0.023269479374779644,0.011987307556704666,0.03937007874015748,0.9253731343283582
TTAAA,0.9072294191391559,0.042206435436690344,0.020058503969912243,0.030505641454241537
TAAAG,0.8608695652173913,0.07950310559006211,0.029192546583850933,0.030434782608695653
AAAGA,0.8232758620689655,0.08374384236453201,0.038177339901477834,0.05480295566502463
AAGAC,0.05,0.008024691358024692,0.9070987654320988,0.03487654320987654
AGACT,0.8833227647431833,0.04311984781230184,0.04946100190234623,0.024096385542168676
CTATA,0.737879348630644,0.033031088082901554,0.18763878608438195,0.04145077720207254
TATAT,0.02818158633001785,0.042718694210660546,0.2740372353991329,0.6550624840601887
GATTG,0.03643892339544513,0.008074534161490683,0.034057971014492754,0.9214285714285714
ATTGA,0.01888042398145081,0.008612123219609143,0.030915314121673844,0.9415921386772662
TTGAT,0.06888633754305395,0.007872724290634738,0.8853534525176316,0.03788748564867968
TGATC,0.8904761904761904,0.031462585034013606,0.0358843537414966,0.04217687074829932
GATCC,0.032488518455519644,0.01309746555536656,0.036400748426603166,0.9180132675625107
CCTGA,0.018973695558430356,0.0068995256576110395,0.02457956015523933,0.9495472186287193
CTGAG,0.046740467404674045,0.024600246002460024,0.8600246002460025,0.06863468634686347
TGAGG,0.9446308724832215,0.018456375838926176,0.028523489932885907,0.008389261744966443
GAGGA,0.030807660283097418,0.009159034138218152,0.8984179850124896,0.061615320566194835
AGGAT,0.055865921787709494,0.004788507581803671,0.9130087789305666,0.026336791699920193
GGATG,0.9516129032258065,0.026284348864994027,0.013440860215053764,0.008661887694145758
GATGG,0.013730743469524447,0.008975217682518419,0.016008037508372406,0.9612860013395848
GGTGA,0.030970239535446406,0.009436244858456327,0.03024437454633438,0.9293491410597629
GTGAA,0.0807899461400359,0.006732495511669659,0.8810592459605027,0.03141831238779174
TGAAA,0.9166265060240963,0.028273092369477913,0.04032128514056225,0.014779116465863454
GAAAC,0.9037584184227677,0.030632196393656313,0.035194438409732784,0.030414946773843144
AAACT,0.9220241884150223,0.024824952259707194,0.030235518777848504,0.022915340547422024
GTGCT,0.02454642475987193,0.0016008537886872999,0.9268943436499466,0.04695837780149413
GCTAG,0.02846153846153846,0.014615384615384615,0.036923076923076927,0.92
CTAGA,0.8841005550114267,0.014691478942213516,0.08259875938622266,0.01860920666013712
TACTC,0.03537063435495367,0.9248039914468995,0.017106200997861726,0.022719173200285103
ACTCC,0.03969526864474739,0.014434643143544507,0.029069767441860465,0.9168003207698476
CTCCA,0.045657467532467536,0.9135551948051948,0.016030844155844156,0.024756493506493508
TCCAT,0.3267005076142132,0.6548223350253807,0.005685279187817259,0.012791878172588832
CCATC,0.9263610789343042,0.030448452755254013,0.01671355287109052,0.026476915439351316
CATCA,0.040521842261316464,0.03123146866969757,0.039928839691638664,0.8883178493773473
ATCAC,0.054277286135693215,0.9048180924287119,0.010029498525073746,0.03087512291052114
CCAGT,0.9081904761904762,0.03942857142857143,0.02266666666666667,0.029714285714285714
CAGTG,0.09786308623298033,0.01115733736762481,0.8475794251134644,0.04340015128593041
AGTGG,0.010780223865185247,0.011317169881458842,0.016934451282474908,0.960968154970881
TGGTT,0.08269319759370662,0.01068949560388709,0.8873206848681167,0.01929662193428968
GGTTA,0.01727408210269611,0.011041864246037123,0.05283836878471752,0.9188456848665493
GTTAT,0.0291126897896643,0.00891489065329433,0.12648001114361332,0.8354924084134281
TTATT,0.9301814988290398,0.029420374707259955,0.01917447306791569,0.021223653395784543
ATTAC,0.01409322477741275,0.007665571585011665,0.01966385754416036,0.9585773460934153
TTACT,0.9583884398726427,0.015625765368601517,0.012123438648052902,0.013862356110702915
TAAGC,0.9259259259259259,0.0344059906901437,0.022869864399919046,0.016798218984011334
AAGCT,0.06671952877208881,0.012573629361123698,0.8949932034435886,0.025713638423198914
TACGA,0.019967400162999183,0.9569070904645477,0.004482477587612062,0.018643031784841075
ACGAT,0.038325887608746764,0.0044674347519398075,0.9311074535621914,0.02609922407712203
TCACT,0.8729808008121585,0.042250156758532144,0.019109611537427965,0.0656594308918814
CACTG,0.03640926640926641,0.8717374517374518,0.030656370656370658,0.061196911196911195
ACTGA,0.025864503893798168,0.08513900657708913,0.022434733486664245,0.8665617560424485
CTGAC,0.4016337973704563,0.007588940448569219,0.5567478731631864,0.03402938901778809
AGATT,0.9457384182237011,0.016380854875863833,0.021755822882006656,0.016124904018428463
ATTGG,0.0013805798435342844,0.0013805798435342844,0.002300966405890474,0.9949378739070409
TTGGT,0.018740399385560675,0.005837173579109063,0.4359447004608295,0.5394777265745008
TGGTC,0.012779552715654952,0.06975505857294995,0.05750798722044728,0.8599574014909478
GGTCC,0.003203416978109984,0.001601708489054992,0.0010678056593699946,0.994127068873465
GTCCT,0.010660980810234541,0.9861407249466951,0.0010660980810234541,0.0021321961620469083
GGAAG,0.7544621888210428,0.20984030061061532,0.010333489901362142,0.025364020666979802
AAGTG,0.22699386503067484,0.01545103385594183,0.745398773006135,0.012156328107248352
AGTAC,0.014610673665791775,0.006124234470691163,0.011111111111111112,0.968153980752406
ACTTA,0.012113055181695828,0.004187228951697323,0.010019440705847166,0.9736802751607597
CAAGA,0.9723054921481807,0.006215450620169962,0.012403399246445367,0.009075657985203928
GCTTT,0.04426229508196721,0.003278688524590164,0.04590163934426229,0.9065573770491804
CTTTA,0.021576763485477178,0.009128630705394191,0.027385892116182572,0.941908713692946
TTTAA,0.024691358024691357,0.05432098765432099,0.03950617283950617,0.8814814814814815
TTAAC,0.7329050022946305,0.04038549793483249,0.016521340064249657,0.2101881597062873
TAACA,0.9435893489302755,0.013006002770509466,0.013236878559335077,0.030167769739879946
AGACG,0.8523489932885906,0.05592841163310962,0.06935123042505593,0.02237136465324385
GACGA,0.047619047619047616,0.9024943310657596,0.027210884353741496,0.022675736961451247
ACGAC,0.00691471847217649,0.00016463615409944023,0.9886401053671386,0.004280540006585446
CGACT,0.9444444444444444,0.012152777777777778,0.028645833333333332,0.014756944444444444
GAGAA,0.02304147465437788,0.004608294930875576,0.9032258064516129,0.06912442396313365
AGAAT,0.9129901960784313,0.041666666666666664,0.025735294117647058,0.0196078431372549
GAATG,0.9631944444444445,0.013194444444444444,0.017361111111111112,0.00625
TCTAC,0.005039596832253419,0.0017998560115190785,0.005039596832253419,0.9881209503239741
TGACC,0.9073816155988857,0.04247910863509749,0.02924791086350975,0.020891364902506964
GACCA,0.05658198614318707,0.8995381062355658,0.016166281755196306,0.02771362586605081
ACCAT,0.04961366409109394,0.9068727124847499,0.011793411956079707,0.03172021146807645
CCATA,0.9189814814814815,0.03009259259259259,0.020833333333333332,0.03009259259259259
CATAC,0.03631961259079903,0.02784503631961259,0.0387409200968523,0.8970944309927361
TAGAG,0.049867021276595744,0.032579787234042555,0.894281914893617,0.02327127659574468
AGAGA,0.8804002928972419,0.03539175006102026,0.039297046619477666,0.04491091042226019
GAGAT,0.08987735676368296,0.0054914881933003845,0.8744279699798645,0.030203185063152116
AGATG,0.9541932543299909,0.021194165907019145,0.016864175022789425,0.007748404740200547
TGCAG,0.0,0.9809523809523809,0.009523809523809525,0.009523809523809525
GCAGG,0.9886363636363636,0.0,0.0,0.011363636363636364
CAGGT,0.0273972602739726,0.0,0.9726027397260274,0.0
AGGTA,0.010723860589812333,0.0,0.9839142091152815,0.005361930294906166
AGCTG,0.0,1.0,0.0,0.0
GCTGG,0.016057091882247992,0.01159678858162355,0.042818911685994644,0.9295272078501338
CTGGT,0.02233038940184665,0.008731433159373745,0.9456543556804496,0.02328382175832999
GGTTT,0.011427201534281605,0.011427201534281605,0.024053060572159182,0.9530925363592776
GTTTG,0.004297994269340974,0.0024832855778414518,0.011556829035339064,0.9816618911174785
TTTGC,0.0023006743355811184,0.004204680682268941,0.015470051566838556,0.9780245934153113
TTGCT,0.010932669833371033,0.015531930935685742,0.9632059111814824,0.010329488049460907
TGCTT,0.02853823251760947,0.9570837266719918,0.005736693050613608,0.008641347759785055
GCTTA,0.0008584824671465363,0.010830086508617843,0.00865086178432279,0.9796605692399128
CTTAC,0.0034049547962897732,0.0024656569214512153,0.011330280615240109,0.982799107667019
CAGGA,0.0574052812858783,0.008036739380022962,0.8668197474167624,0.0677382319173364
AGGAA,0.036,0.02,0.8946666666666667,0.04933333333333333
GGAAT,0.845298687382802,0.06978301634074471,0.046879185641575144,0.038039110634878116
GAATC,0.8694968553459119,0.025157232704402517,0.03773584905660377,0.06761006289308176
AATCG,0.05654281098546042,0.025848142164781908,0.046849757673667204,0.8707592891760905
ATCGA,0.03864734299516908,0.8969404186795491,0.01932367149758454,0.04508856682769726
CGATT,0.9070796460176991,0.04424778761061947,0.028023598820058997,0.02064896755162242
GATTT,0.019998058440928064,0.005921755169401029,0.033491893990874676,0.9405882923987963
ATTTT,0.01943402659393113,0.009205591544493692,0.04125468803273099,0.9301056938288442
TTTTA,0.028062601187263895,0.008904479222881814,0.05963302752293578,0.9033998920669185
TTTAG,0.01708150317227916,0.04441190824792582,0.04050756466569058,0.8979990239141045
TTAGT,0.9267915781340544,0.021440988989762412,0.031485416264245704,0.020282016611937414
GTAGA,0.9279019466474405,0.01658255227108868,0.032444124008651765,0.023071377072819033
TAGAT,0.05950920245398773,0.045092024539877304,0.8585889570552148,0.03680981595092025
AGATA,0.9342600637127135,0.024616275702287867,0.02519548218940052,0.01592817839559803
AAATT,0.9612596850787303,0.013496625843539115,0.019995001249687578,0.005248687828042989
ATCCA,0.07132316773241515,0.8121003443187408,0.02115100836202656,0.0954254795868175
TCCAG,0.05568181818181818,0.9295454545454546,0.004545454545454545,0.010227272727272727
CCAGA,0.9632571996027806,0.009930486593843098,0.009930486593843098,0.016881827209533268
CAGAT,0.06609195402298851,0.0028735632183908046,0.9051724137931034,0.02586206896551724
GATAG,0.019685962034216076,0.05249589875790954,0.014061401453011484,0.9137567377548629
ATAGC,0.9399293286219081,0.013250883392226149,0.036219081272084806,0.01060070671378092
AGCAG,0.48250728862973763,0.47667638483965014,0.0014577259475218659,0.03935860058309038
GCAGT,0.7412076974120769,0.011612475116124751,0.22959522229595222,0.017584605175846053
CAGTA,0.05172219085262564,0.029700734048560135,0.8644833427442123,0.05409373235460192
GTACA,0.9592711682743837,0.006966773847802787,0.020364415862808145,0.01339764201500536
TACAA,0.04197007811465643,0.9266516615914207,0.011386204157288495,0.01999205613663445
ACAAT,0.9358420268256333,0.014828614008941877,0.04202682563338301,0.007302533532041729
ATAAA,0.9255722694571615,0.01948986265533028,0.033485938521909744,0.02145192936559843
AACTG,0.025833724753405354,0.9603100046970409,0.007045561296383279,0.006810709253170503
CTGGG,0.029430859121402295,0.01103657217052586,0.905359590276275,0.05417297843179687
TGGGA,0.0194831013916501,0.006958250497017893,0.932803180914513,0.040755467196819085
TGGGT,0.028978965423851224,0.02238873341157353,0.9055701002076374,0.0430622009569378
GGGTA,0.0363232023721275,0.02357301704966642,0.882876204595997,0.057227575982209046
GGTAT,0.03484320557491289,0.01885632301701168,0.06425497028079524,0.8820455011272802
GTATA,0.8952056588944197,0.04427560911710768,0.03929787791459261,0.02122085407388001
TATAC,0.04048582995951417,0.01931511470985155,0.020242914979757085,0.9199561403508771
TCACA,0.8765681003584229,0.053763440860215055,0.02217741935483871,0.047491039426523295
CACAA,0.06676643260043744,0.887648209968919,0.022562449637389202,0.023022907793254287
ACAAC,0.8440189706657298,0.05085192341471983,0.021781134726857544,0.08334797119269279
CAACC,0.8903014148041829,0.051671109288497025,0.025220422390814026,0.03280705351650605
AACCT,0.0687960687960688,0.8824733824733825,0.029688779688779688,0.019041769041769043
CCTAT,0.05831666410216956,0.01784889983074319,0.046007078012001844,0.8778273580550854
GGATA,0.5874227202472952,0.06167890262751159,0.016373647604327666,0.33452472952086554
GATAA,0.021357428894136974,0.01427251257829346,0.021768148680562687,0.9426019098470069
TAAAC,0.9605759341789509,0.01988344189235516,0.012341446691806651,0.007199177236887213
AAACA,0.9245813470235913,0.03263659699303264,0.025058061361691725,0.01772399462168439
AACAC,0.03870303654143078,0.9335048893463715,0.005352547606793618,0.022439526505404015
ACTCT,0.052541794609348345,0.008017741385192767,0.032412146025247356,0.9070283179802116
CTCTG,0.039128196327441224,0.9414793204050111,0.00943881928951433,0.009953663978033293
TCTGG,0.023511372348581652,0.016355737285969844,0.03220035778175313,0.9279325325836953
TGGAG,0.03875897624746824,0.010127048425704291,0.9299392377094458,0.021174737617381697
GGAGT,0.9364777481932294,0.02320273868391023,0.018448079117535186,0.021871434005325218
GAGTG,0.033643793955521764,0.004181714502946208,0.9410758410948489,0.02109865044668314
AGTGC,0.02520267888614734,0.008107155445893549,0.029432499118787453,0.9372576665491716
GTGCC,0.019559902200488997,0.005937827453719874,0.9376528117359413,0.03684945860984981
TGCCA,0.05733976567884218,0.8977257064093729,0.021364576154376293,0.023569951757408683
GCCAA,0.0687724335965542,0.9089734386216798,0.01148600143575018,0.010768126346015794
CCAAC,0.9330571665285833,0.037945318972659486,0.0115990057995029,0.01739850869925435
CACTT,0.07251849568434032,0.845792231812577,0.037916152897657214,0.043773119605425403
CTTTC,0.03716287959227012,0.006264599702696963,0.04565725207050329,0.9109152686345297
TTTCA,0.0360389876320747,0.029158817265951348,0.04807928577279057,0.8867229093291834
TCAGT,0.8868840350321832,0.04189089374274559,0.03334388519573705,0.03788118602933418
ATTAG,0.019203614798079638,0.02216887884778311,0.025275345947472466,0.9333521604066648
TTAGA,0.8942405708460754,0.03160040774719674,0.0517329255861366,0.022426095820591234
TTGAA,0.032333463186599146,0.02259446825087651,0.8574211141410206,0.0876509544215037
AAATC,0.9294685990338164,0.01932367149758454,0.017391304347826087,0.033816425120772944
AATCT,0.0683111954459203,0.012333965844402278,0.04996837444655281,0.8693864642631246
ATCTG,0.05535886707434825,0.92436433859028,0.008368200836820083,0.011908593498551657
TCTGA,0.017659746562415746,0.12375303316257752,0.014693987597735238,0.8438932326772715
CTGAT,0.07443682664054849,0.00465230166503428,0.8828354554358472,0.03807541625857003
GCACA,0.9528681037632444,0.009864815491413957,0.019729630982827914,0.0175374497625137
CACAG,0.05415499533146592,0.9128540305010894,0.015250544662309368,0.017740429505135387
ACAGG,0.900871459694989,0.020697167755991286,0.05010893246187364,0.02832244008714597
ATGAT,0.026610387227014132,0.0035786382822536244,0.9474215452376583,0.02238942925307396
TGATG,0.9058666666666667,0.05213333333333333,0.0232,0.0188
GTTAC,0.015926071569012976,0.006685017695635077,0.014648053480141565,0.9627408572552104
AAGAG,0.017909715407262022,0.005642787046123651,0.9597644749754661,0.016683022571148183
GATGA,0.018301610541727673,0.010736944851146901,0.016349438750610054,0.9546120058565154
TGATT,0.9537165281625115,0.016158818097876268,0.017774699907663897,0.012349953831948292
ATTTG,0.01740139211136891,0.004640371229698376,0.03248259860788863,0.9454756380510441
TTTGG,0.027636363636363636,0.016727272727272726,0.05236363636363636,0.9032727272727272
TTGGA,0.025423728813559324,0.00423728813559322,0.9279661016949152,0.0423728813559322
ACGCA,0.07419898819561552,0.016441821247892074,0.8642495784148398,0.045109612141652614
CGCAT,0.05567271193589203,0.8675664276676508,0.030366933783213833,0.046393926613243354
GCATT,0.8182196339434277,0.09525790349417637,0.045757071547420966,0.04076539101497504
CATTC,0.030891518381356696,0.006593803631108301,0.0317947791527414,0.9307198988347936
AGCTC,0.020102651839178785,0.9379811804961505,0.018819503849443968,0.023096663815226688
GCTCC,0.048986486486486486,0.02195945945945946,0.06587837837837837,0.8631756756756757
CTCCT,0.07446808510638298,0.8206686930091185,0.0547112462006079,0.05015197568389058
GGAGA,0.8388017118402282,0.05155899735072346,0.029957203994293864,0.07968208681475443
ATACA,0.9535354814205229,0.02627081091346458,0.008925745394695195,0.01126796227131734
TAACC,0.9368895567242674,0.03005259203606311,0.01652892561983471,0.01652892561983471
AACCC,0.024539877300613498,0.49079754601226994,0.009202453987730062,0.4754601226993865
ACCCT,0.056183874498358266,0.9182780007296607,0.012039401678219628,0.0134987230937614
CCCTA,0.022944550669216062,0.9608030592734226,0.011472275334608031,0.004780114722753346
CCTAA,0.008435481745090286,0.004876762883880322,0.010807960985896928,0.9758797943851325
CTAAC,0.4896080760095012,0.007719714964370546,0.013806413301662707,0.48886579572446553
AACAA,0.029711686596728046,0.9355879979458587,0.0068960457780060155,0.027804269679407235
GGGAC,0.0,0.0,1.0,0.0
GGACG,1.0,0.0,0.0,0.0
CTTTT,0.019470793809286072,0.011982026959560658,0.05192211682476285,0.9166250624063904
GTGAC,0.09532002752924983,0.007914659325533379,0.8072952512044047,0.08947006194081211
TGACG,0.8142857142857143,0.07922077922077922,0.06623376623376623,0.04025974025974026
GACGC,0.06320224719101124,0.848314606741573,0.047752808988764044,0.04073033707865169
CGCCT,0.08651685393258426,0.8146067415730337,0.06292134831460675,0.035955056179775284
GCCTG,0.039540816326530615,0.8941326530612245,0.017857142857142856,0.04846938775510204
TAGAA,0.05500593589236249,0.02809655718242976,0.8899881282152751,0.026909378709932725
AGAAA,0.9156424581005587,0.030726256983240222,0.024581005586592177,0.02905027932960894
ACAAA,0.9418356456776947,0.0288153681963714,0.018676627534685165,0.010672358591248666
CAAAG,0.9318471337579618,0.015286624203821656,0.03949044585987261,0.01337579617834395
AAAGC,0.9452229299363057,0.01464968152866242,0.009554140127388535,0.030573248407643312
GCTAA,0.02341343191620456,0.015403573629081947,0.019716574245224893,0.9414664202094886
CTAAT,0.9172504378283712,0.026926444833625218,0.04049912434325744,0.01532399299474606
AATCA,0.03313253012048193,0.03463855421686747,0.012048192771084338,0.9201807228915663
ATCAT,0.06431852986217458,0.8422664624808576,0.045941807044410414,0.04747320061255743
TCATG,0.9135977337110481,0.05524079320113314,0.021246458923512748,0.009915014164305949
CATGC,0.018209408194233688,0.013657056145675266,0.019726858877086494,0.9484066767830045
GTACC,0.8346799254195152,0.014916096954630205,0.014916096954630205,0.13548788067122436
CCAGG,0.8782201405152225,0.02107728337236534,0.03747072599531616,0.06323185011709602
TATGA,0.005531529719400584,0.007241275269033491,0.011565925776928493,0.9756612692346375
GGGTT,0.020396270396270396,0.026515151515151516,0.8782051282051282,0.07488344988344989
GTTTT,0.011667293940534437,0.018065487391795258,0.04441098983816334,0.9258562288295069
TTTTC,0.015688735487919672,0.01725760903671164,0.04235958581738312,0.9246940696579856
TGAGC,0.8188512518409425,0.07658321060382917,0.04958271968581247,0.054982817869415807
GAGCA,0.04059590316573557,0.035754189944134075,0.8715083798882681,0.0521415270018622
AGCAC,0.036279229711141676,0.9097317744154058,0.01014442916093535,0.04384456671251719
GCACT,0.9318181818181818,0.030776515151515152,0.016335227272727272,0.021070075757575756
CTTCT,0.03458957150232318,0.00791602133884013,0.03355704697986577,0.9239373601789709
TTCTG,0.10869909681508477,0.8445571224845508,0.018380605292346697,0.028363175408017745
GTATG,0.900149588631264,0.040762902019446524,0.02056843679880329,0.038519072550486165
ATGGG,0.04961173425366695,0.013373597929249352,0.869283865401208,0.06773080241587576
GGGTG,0.02168555938886151,0.017742730409068506,0.8856579595860029,0.07491375061606703
GGTGT,0.0073658365485794455,0.021746755524377413,0.05612065941774816,0.914766748509295
GGGAT,0.05524657026325547,0.011123470522803115,0.9032258064516129,0.030404152762328513
ATGAC,0.045159294772656976,0.0024744819053510673,0.9356634704608723,0.016702752861119705
TGACA,0.9220973782771535,0.04344569288389513,0.02546816479400749,0.008988764044943821
GACAA,0.037412314886983634,0.9197194076383476,0.00779423226812159,0.03507404520654715
ACAAG,0.886130721931223,0.06718287406057846,0.01890230015941699,0.027784103848781598
CAAGC,0.9182354593987075,0.0272548468670975,0.03540320314695139,0.019106490587243608
AAGCG,0.029392117568470273,0.02738810955243821,0.8977955911823647,0.04542418169672679
TGCTC,0.02674066599394551,0.9445005045408678,0.01917255297679112,0.00958627648839556
GCTCG,0.012159814707585408,0.008106543138390272,0.02721482339316734,0.952518818760857
CTCGA,0.044416243654822336,0.8965736040609137,0.024746192893401017,0.03426395939086294
TCAGG,0.9432933478735005,0.004907306434023991,0.04252998909487459,0.009269356597600873
CATTG,0.036521739130434785,0.01217391304347826,0.036521739130434785,0.9147826086956522
GACCC,0.030664395229982964,0.5093696763202725,0.0068143100511073255,0.45315161839863716
CCCTT,0.04962779156327544,0.9288668320926385,0.007444168734491315,0.014061207609594707
AACTC,0.04244897959183674,0.9126530612244897,0.04163265306122449,0.0032653061224489797
ACTCA,0.028874734607218684,0.011464968152866241,0.022929936305732482,0.9367303609341826
GATTA,0.009606404269513008,0.01000667111407605,0.017878585723815878,0.962508338892595
TACAT,0.34132340392521915,0.5036847412923745,0.012877201148087812,0.14211465363431852
TAATG,0.9193154034229829,0.02444987775061125,0.04156479217603912,0.014669926650366748
TTACA,0.8509803921568627,0.04478844169246646,0.04891640866873065,0.05531475748194015
AACAG,0.05393743257820928,0.9331175836030206,0.005393743257820928,0.007551240560949299
ACAGA,0.9273084479371316,0.03968565815324165,0.0137524557956778,0.01925343811394892
AAGAT,0.009950248756218905,0.0006218905472636816,0.9832089552238806,0.006218905472636816
ATGCC,0.0425273390036452,0.015188335358444714,0.8602673147023087,0.08201701093560146
CCATT,0.9597806215722121,0.016453382084095063,0.017062766605728214,0.006703229737964655
TAGTT,0.045112781954887216,0.014246141669964385,0.9180846853977048,0.022556390977443608
AGTTA,0.007993909402360106,0.008374571754853444,0.010658545869813475,0.972972972972973
TATAG,0.004,0.006545454545454545,0.009454545454545455,0.98
CGGGC,0.025034770514603615,0.019471488178025034,0.8915159944367177,0.06397774687065369
GGGCT,0.020075282308657464,0.010037641154328732,0.9297365119196989,0.04015056461731493
ATGAA,0.048302872062663184,0.0195822454308094,0.8642297650130548,0.06788511749347259
TATTG,0.026137463697967087,0.00968054211035818,0.05421103581800581,0.9099709583736689
CTGAA,0.03477051460361613,0.009735744089012517,0.9151599443671766,0.04033379694019471
ACTGC,0.025087108013937282,0.023693379790940768,0.04878048780487805,0.9024390243902439
ATGGC,0.07831900668576887,0.0038204393505253103,0.8643744030563515,0.05348615090735435
TGGCA,0.0690200210748156,0.02054794520547945,0.8772391991570073,0.033192834562697573
GGCAT,0.08076923076923077,0.8576923076923076,0.023076923076923078,0.038461538461538464
AGTAT,0.02629107981220657,0.007511737089201878,0.028169014084507043,0.9380281690140845
GTATT,0.9865771812080537,0.0,0.0,0.013422818791946308
CTCAT,0.048378795676788475,0.912506433350489,0.016984045290787442,0.02213072568193515
TCATT,0.8266533066132264,0.10120240480961924,0.03256513026052104,0.039579158316633264
ACGGA,0.046511627906976744,0.011627906976744186,0.9418604651162791,0.0
CGGAA,0.045454545454545456,0.0,0.9090909090909091,0.045454545454545456
AATTT,0.0,0.0,0.025974025974025976,0.974025974025974
TTGGC,0.022727272727272728,0.022727272727272728,0.7954545454545454,0.1590909090909091
CATAT,0.04838709677419355,0.004032258064516129,0.05241935483870968,0.8951612903225806
ATATA,0.9461738002594033,0.023994811932555125,0.010376134889753566,0.019455252918287938
GTATC,0.9058823529411765,0.023529411764705882,0.07058823529411765,0.0
TATCT,0.1836734693877551,0.0,0.04081632653061224,0.7755102040816326
ATCTA,0.031051517290049402,0.9386026817219478,0.0056457304163726185,0.024700070571630206
GACAC,0.039909638554216864,0.8908132530120482,0.046686746987951805,0.022590361445783132
ACACT,0.8951128893969705,0.04887110603029437,0.024864246927693626,0.03115175764504144
CACTA,0.12609457092819615,0.8660245183887916,0.00394045534150613,0.00394045534150613
CAACT,0.909541511771995,0.02973977695167286,0.022304832713754646,0.03841387856257745
CTGCT,0.05446927374301676,0.009776536312849162,0.8896648044692738,0.046089385474860335
TGCTG,0.08142857142857143,0.8128571428571428,0.06285714285714286,0.04285714285714286
CACCC,0.06827880512091039,0.9160739687055477,0.008534850640113799,0.007112375533428165
ACCCA,0.04956268221574344,0.8673469387755102,0.01020408163265306,0.0728862973760933
CCCAC,0.10204081632653061,0.8760932944606414,0.01020408163265306,0.011661807580174927
CCACT,0.9022988505747126,0.033045977011494254,0.040229885057471264,0.02442528735632184
CACTC,0.04654255319148936,0.901595744680851,0.010638297872340425,0.041223404255319146
GAGAG,0.03610547667342799,0.002839756592292089,0.9411764705882353,0.019878296146044624
AGAGC,0.932230522945571,0.023479188900747065,0.03415154749199573,0.010138740661686232
