kmer,A,C,G,T
CAGGT,0.016402923085011303,0.013616529099416434,0.9359655118027443,0.034015036012827925
AGGTC,0.025039282274823865,0.01875411830300573,0.8867149880886005,0.06949161133356987
GGTCC,0.027666845073901766,0.026102350858413274,0.038371279179875664,0.9078595248878093
GTCCA,0.04419363611639924,0.8479738917595866,0.017632127640286467,0.09020034448372767
TCCAA,0.039903403863845444,0.9140984360625575,0.011959521619135235,0.03403863845446182
CCAAC,0.9376222810449995,0.03291518011278628,0.012314420531706756,0.017148118310507537
CAACT,0.9085055561325164,0.04039879530584692,0.03240211860006231,0.01869352996157441
AACTG,0.030994198521815147,0.923229754430581,0.01915282524040372,0.02662322180720019
ACTGC,0.02190708011429781,0.01957879140649804,0.04148587152079585,0.9170282569584083
CTGCA,0.019494898531225473,0.025955824644018386,0.9124761744590201,0.04207310236573607
TGCAG,0.04937290450763691,0.9051285235316031,0.022426424934806906,0.02307214702595306
GCAGC,0.9123416827789967,0.04016858204253655,0.02363624513914536,0.023853490039321325
CAGCA,0.03165060560516311,0.013968703032446291,0.9236141808858633,0.030766510476527273
AGCAG,0.03813524757321152,0.9255241047393752,0.017823639774859287,0.01851700791255404
CAGCC,0.030669341216216218,0.015149915540540541,0.9038217905405406,0.0503589527027027
AGCCT,0.049563636363636365,0.8967272727272727,0.02349090909090909,0.030218181818181818
GCCTG,0.038286461523182096,0.9201330839388874,0.017893499743432704,0.023686954794497873
CCTGG,0.018814404735803553,0.022897939048454285,0.05203080464810349,0.9062568515676387
CTGGG,0.011390301971464296,0.011013479951355702,0.9465597862391449,0.031036431838035044
TGGGA,0.019903498190591073,0.016686771210293525,0.9191797346200241,0.044229995979091274
GGGAC,0.028493894165535955,0.01953867028493894,0.8979647218453188,0.05400271370420624
GGACT,0.7986431478968793,0.07978290366350067,0.08738127544097693,0.03419267299864315
GACTG,0.05321739130434783,0.8932173913043479,0.024,0.029565217391304348
ACTGA,0.017714285714285714,0.01657142857142857,0.06971428571428571,0.896
CTGAA,0.02529584192812941,0.016556291390728478,0.9148300944522854,0.0433177722288568
TGAAC,0.9102196752626552,0.04871060171919771,0.02005730659025788,0.021012416427889206
GAACT,0.6728139904610493,0.03815580286168521,0.25882352941176473,0.030206677265500796
ACTGG,0.019564783389898182,0.03863046516270713,0.04012777001397484,0.9016769814334199
CTGGT,0.018276762402088774,0.11618798955613577,0.8316459743166196,0.033889273725155857
TGGTG,0.017067089755213056,0.011106074342701723,0.9347914777878513,0.037035358114233904
GGTGA,0.014576797540957632,0.012707164812878284,0.0302626992426403,0.9424533384035237
GTGAA,0.017968800569616156,0.014939478283384038,0.9223509612272639,0.044740759919735903
TGAAG,0.9167413812161481,0.04902912025153216,0.018557865906829934,0.015671632625489738
GAAGC,0.8359378098599929,0.04110974497283148,0.09963114266449848,0.02332130250267719
AAGCC,0.020701106022870303,0.013497228247770547,0.9375753193540612,0.02822634637529793
TGGGG,0.018733223978526694,0.015340739636146735,0.9321503131524008,0.033775723232925735
GGGGC,0.06375154035736291,0.01590418977202711,0.8800061614294516,0.04033810844115835
GGGCT,0.050573254180450444,0.05852630624915031,0.8554402501472788,0.0354601894231205
GGCTT,0.03278668371361133,0.9270013768686074,0.01973101888276947,0.020480920535011802
GCTTC,0.017695536871647898,0.029540130100250923,0.04817514776011131,0.9045891852679898
CTTCA,0.017903862925152617,0.020827989534704765,0.033370953675678446,0.9278971938644641
TTCAG,0.03497251709814123,0.9336004699366425,0.014349851046867788,0.01707716191834851
TCAGT,0.9219939900382826,0.043613386572263615,0.018873749639813937,0.015518873749639815
CAGTG,0.025735294117647058,0.012195740365111563,0.931997971602434,0.030070993914807304
AGTGA,0.01729753046479025,0.015162299148064273,0.05156907149789712,0.9159710988892483
AAGCT,0.037883896279041256,0.02182308588242506,0.8968920492858456,0.04340096855268804
AGCTG,0.0346860213329056,0.9075574090410886,0.02245569011147646,0.035300879514529364
GCTGT,0.019450033534540577,0.025821596244131457,0.06427453610552201,0.8904538341158059
CTGTC,0.017456933801924295,0.016996024658639166,0.9000979431929481,0.06544909834648845
TGTCC,0.018957974280790137,0.025498254452251536,0.03420389765345353,0.9213398736135048
GTCCT,0.03791936244055015,0.918419812331291,0.015553365611208706,0.02810745961695017
TCCTG,0.031562683931724546,0.9275676868746321,0.01622277810476751,0.02464685108887581
CCTGC,0.017502041537001477,0.015868811935818492,0.03551170849058686,0.9311174380365932
TGCAA,0.03971389783802403,0.9238952039389703,0.015541101858043077,0.020849796364962616
GCAAG,0.9278486945493645,0.037137106779520826,0.015329050756802956,0.01968514791431171
CAAGG,0.8966128847694245,0.049776862341228974,0.029637258267536333,0.023972994621810274
AAGGC,0.02089189736208874,0.013852969617918907,0.9299480513639328,0.03530708165605955
AGGCT,0.038036132422090654,0.013116564183593825,0.9083934588513012,0.04045384454301434
CTTCT,0.01979308102732784,0.051423763171482666,0.03797976707272762,0.8908033887284619
TTCTG,0.035072263125878377,0.9258070606003398,0.013781385690013215,0.02533929058376859
TCTGG,0.021803290407573454,0.025551209648594274,0.0450158801482828,0.9076296197955495
GAGGT,0.01202246302301669,0.010282369690737958,0.9461362018508266,0.031558965435418806
AGGTG,0.022727272727272728,0.04031187790311878,0.8692767086927671,0.0676841406768414
GGTGC,0.01951789140045041,0.0175160563850196,0.10526315789473684,0.8577028943197932
GTGCA,0.0304559043348281,0.020412929745889388,0.867339312406577,0.08179185351270553
CAGCT,0.027057465439085507,0.025171044851761127,0.9105780330545936,0.03719345665455979
AGCTT,0.04288792227326314,0.8790194723362739,0.03305012398878003,0.045042481401682995
GCTTG,0.020409326720255402,0.023145772760960037,0.0552990137392395,0.9011458867795451
CTTGT,0.014308553157474022,0.015907274180655476,0.1971223021582734,0.7726618705035971
TTGTT,0.007523148148148148,0.016203703703703703,0.9114583333333334,0.06481481481481481
TGTTG,0.015219721329046088,0.017792068595927118,0.049517684887459806,0.917470525187567
GTTGA,0.008577555396711936,0.012866333095067906,0.04860614724803431,0.9299499642601858
TTGAG,0.01916376306620209,0.01524390243902439,0.8869773519163763,0.07861498257839722
TGAGT,0.7661516853932584,0.06530898876404495,0.0877808988764045,0.08075842696629214
GAGTC,0.018764469355428293,0.013159497989521141,0.9047764103813818,0.06329962227366882
AGTCT,0.03110959060326149,0.03423423423423423,0.06267533356140952,0.8719808416010948
GTCTG,0.05286387802186779,0.8891313070518607,0.022569966897381884,0.035434848028889555
GGTGG,0.024965110869902312,0.02232904326252132,0.08450922623662584,0.8681966196309505
GTGGA,0.01205699671172817,0.010047497259773474,0.9218122031421264,0.05608330288637194
TGGAG,0.02099286177806619,0.01654769630110318,0.9196625567813108,0.04279688513951979
GGAGG,0.8079325421611493,0.05353796734183992,0.08851610600517534,0.05001338449183546
GAGGA,0.022478690503130422,0.012295391114128385,0.9199668099871766,0.04525910839556461
AGGAT,0.03173012692050768,0.016700066800267203,0.8942885771543087,0.0572812291249165
GGATT,0.7878985035783995,0.07482108002602472,0.06961613532856213,0.06766428106701367
GATTG,0.01775568181818182,0.024147727272727272,0.10511363636363637,0.8529829545454546
ATTGG,0.012073863636363636,0.016335227272727272,0.06818181818181818,0.9034090909090909
TTGGT,0.020334842279226845,0.013364949342530718,0.912265574477258,0.05403463390098441
GCCTA,0.04696886947023485,0.866193336974331,0.037684325505188423,0.049153468050245765
CCTAA,0.033012379642365884,0.027510316368638238,0.0749656121045392,0.8645116918844566
CTAAA,0.9215547703180212,0.0353356890459364,0.026148409893992933,0.01696113074204947
TAAAG,0.9396626297577855,0.031358131487889275,0.016219723183391002,0.012759515570934256
AAAGG,0.8319209039548022,0.0748587570621469,0.05084745762711865,0.0423728813559322
AAGGG,0.023014959723820484,0.01611047180667434,0.905638665132336,0.05523590333716916
AGGGT,0.03202033036848793,0.023125794155019058,0.8925031766200763,0.05235069885641677
GGGTC,0.05360960368360467,0.019898043085018913,0.8584114454859398,0.06808090774543661
GGTCA,0.02223675604970569,0.02223675604970569,0.07325049051667756,0.882275997383911
GTCAT,0.07402912621359223,0.8410194174757282,0.01820388349514563,0.06674757281553398
TCATT,0.8554301833568406,0.06417489421720733,0.030324400564174896,0.05007052186177715
CATTG,0.023960535588442564,0.013389711064129669,0.05919661733615222,0.9034531360112755
ATTGA,0.01522491349480969,0.018685121107266434,0.0754325259515571,0.8906574394463668
TTGAA,0.03599153140437544,0.026817219477769938,0.8334509527170078,0.10374029640084687
TGAAA,0.8958262639972854,0.04648795385137428,0.02906910982920484,0.028616672322135505
GAAAC,0.8923047424261792,0.05701137670970216,0.02345647449827432,0.027227406365844305
AAACT,0.8135328967882757,0.10269202785573225,0.044174202265876726,0.039600873090115375
AACTC,0.076045232907978,0.8273679842307293,0.0368295466334682,0.059757236227824466
ACTCT,0.036131358256916685,0.07939493690728114,0.06873579434124931,0.8157379104945529
CTCTC,0.05854519774011299,0.8266949152542373,0.04187853107344633,0.07288135593220339
TCTCA,0.032411317567567564,0.07833614864864864,0.04814189189189189,0.8411106418918919
CTCAT,0.08956276445698166,0.840620592383639,0.027503526093088856,0.04231311706629055
TCATG,0.7231404958677686,0.1618457300275482,0.05371900826446281,0.06129476584022039
CATGT,0.07540521494009866,0.035940803382663845,0.11980267794221283,0.7688513037350246
ATGTG,0.027152317880794703,0.02384105960264901,0.8807947019867549,0.06821192052980132
TGTGC,0.029470164071480825,0.025603511338697878,0.08099069913261574,0.8639356254572056
GCCTC,0.05402954824257294,0.8280974985332551,0.026934769854392235,0.09093818336977973
CCTCT,0.04497858162779629,0.026653974297953357,0.07139457401237506,0.8569728700618753
CTCTG,0.05715686274509804,0.8625,0.02593137254901961,0.054411764705882354
AGGTT,0.032201023731968356,0.017775709632387157,0.8893438808748255,0.06067938576081899
GGTTC,0.029393691110200737,0.023453502662843097,0.0383039737812372,0.908848832445719
GTTCA,0.019071490845684394,0.056015693112467305,0.03269398430688753,0.8922188317349607
TCAGC,0.8965556055830707,0.04615038271049077,0.018235029266096353,0.039058982440342185
AGCTC,0.04861111111111111,0.8611111111111112,0.027777777777777776,0.0625
GCTCC,0.03695150115473441,0.07852193995381063,0.04157043879907621,0.8429561200923787
CTCCA,0.07211538461538461,0.823076923076923,0.03942307692307692,0.06538461538461539
TCCAG,0.04305457952682127,0.9127196064652143,0.020379479971890373,0.023846334036074023
CCAGC,0.9274742231886091,0.034018376937644666,0.01697411797713404,0.021533281896612192
GCAGT,0.9231096006796942,0.03860450297366185,0.020497026338147834,0.017788870008496178
CAGTC,0.03011145865456628,0.011454249085862813,0.9242037094145117,0.034230582845059254
ACTGT,0.006491164803461955,0.014064190407500902,0.024882798413270825,0.9545618463757664
CTGTG,0.026458269486157933,0.030442333231177853,0.8571866380631321,0.08591275921953213
GTGCT,0.0396452790818988,0.030777256129368807,0.8330725091288471,0.09650495565988523
TGCTG,0.05307262569832402,0.8598696461824954,0.037243947858473,0.04981378026070764
GCTGG,0.019025647171620325,0.01884587727708533,0.04458293384467881,0.9175455417066155
CTGGC,0.015181706044216719,0.013283992788689629,0.9340544643704336,0.037479836796660025
TGGCA,0.02712384851586489,0.01714431934493347,0.9388433981576254,0.016888433981576252
GGCAA,0.0219435736677116,0.9459247648902821,0.013322884012539185,0.018808777429467086
AGGCC,0.01679410158383397,0.015155652648825778,0.93200436919716,0.03604587657018023
GGCCT,0.04489992186091243,0.9011841077117269,0.025545470938270122,0.02837049948909058
GAAGA,0.927372273813485,0.034544299585589404,0.020599534166187726,0.017483892434737892
AAGAT,0.017742715512029984,0.011244105912223431,0.947587957925281,0.02342522065046548
AGATG,0.8315159574468085,0.03976063829787234,0.020079787234042554,0.10864361702127659
GATGT,0.009826487252124646,0.010003541076487252,0.025053116147308784,0.9551168555240793
ATGTC,0.23621730382293762,0.010999329309188463,0.7283702213279678,0.024413145539906103
CAAGA,0.908103383693345,0.04332625795979523,0.02347359220876514,0.025096766138094643
AAGAC,0.01902587519025875,0.00989345509893455,0.939117199391172,0.0319634703196347
AGACT,0.8081975827640567,0.0651602732527588,0.07619548081975827,0.05044666316342617
GACTT,0.05401773716742811,0.8941144853533997,0.021499596882558453,0.030368180596613812
ACTTC,0.018731117824773415,0.03564954682779456,0.06767371601208459,0.8779456193353474
GCTGC,0.01762725292137057,0.016636957813428402,0.03753218459100812,0.9282036046741929
GGGCA,0.02364475201845444,0.03690888119953864,0.8961937716262975,0.04325259515570934
GGCAG,0.05619668840943302,0.8981435022579026,0.02408429503261415,0.021575514300050176
GCAGA,0.8733602421796165,0.036831483350151364,0.03481331987891019,0.0549949545913219
CAGAG,0.02403495994173343,0.01529497450837582,0.9238892935178441,0.03678077203204661
AGAGC,0.8508867173362288,0.05863192182410423,0.05501266739051755,0.03546869344914948
GAGCT,0.03271056661562021,0.055089331291475245,0.883450740173558,0.028749361919346607
TTGTG,0.015822784810126583,0.01828410689170183,0.9193624003750586,0.046530707923112986
TGTGA,0.015053763440860216,0.018342820999367487,0.043010752688172046,0.9235926628716002
AGCCA,0.037934668071654375,0.9157007376185459,0.020021074815595362,0.026343519494204427
GCCAG,0.0605296343001261,0.8671710802858343,0.03488860865910046,0.03741067675493905
CCAGG,0.8608659100462379,0.04539722572509458,0.03909205548549811,0.0546448087431694
CAGGG,0.020588235294117647,0.007563025210084034,0.9378151260504202,0.03403361344537815
AGGGG,0.01093815734118637,0.013462347496844763,0.9389987379049222,0.036600757257046694
GGGCC,0.025949062950504566,0.025949062950504566,0.8989267980137754,0.049175076085215444
CCTCA,0.026962348436502873,0.03836949585194639,0.051212507977026166,0.8834556477345246
CTCAG,0.04858169682967527,0.9056603773584906,0.020472339879347965,0.025285585932486202
AGTCA,0.023038417465774078,0.030215306676316264,0.04390567517037573,0.9028406006875339
GTCAA,0.05607374080983211,0.8937781191704159,0.026006803467573794,0.024141336552178205
TCAAG,0.8863162515088335,0.06188960825194777,0.029628003950400526,0.02216613628881817
CAAGT,0.8889819857561793,0.047339757017176375,0.02932551319648094,0.03435274403016338
AAGTT,0.020786419539234366,0.019573878399445695,0.9116577169582539,0.047981985103066
AGTTG,0.032016293279022404,0.031446028513238286,0.04260692464358452,0.8939307535641547
GTTGT,0.012923438417857843,0.0250636381437243,0.05228118269042491,0.9097317407479929
TTGTC,0.022443403590944575,0.016588602654176426,0.8979313036690086,0.06303669008587041
TGCAC,0.03230312554566091,0.9270123974157499,0.012048192771084338,0.0286362842675048
GCACA,0.8836740570112295,0.07169594010941549,0.015836452634609848,0.028793550244745177
CACAG,0.0686456400742115,0.8782467532467533,0.016233766233766232,0.036873840445269014
ACAGC,0.8810360536248861,0.050891578810360535,0.03644409735780294,0.03162827020695041
GTACA,0.8949292452830189,0.04433962264150943,0.03997641509433962,0.020754716981132074
TACAG,0.04790605840174582,0.9074093318092071,0.023797152655097163,0.020887457133949912
TCAGG,0.7943112761647535,0.04431127616475355,0.13951721809588116,0.02186022957461175
CAGGA,0.013446841443358807,0.011608783979878108,0.9515333268840089,0.023411047692754185
AGGAG,0.018246787805063485,0.014065232266403101,0.9248080285866342,0.04287995134189919
GGAGT,0.8422092353280105,0.05580706230965512,0.05218536505062145,0.0497983373117129
GTCAG,0.03589926772637971,0.9308805143775675,0.013038042507590641,0.020182175388462224
AGGAC,0.018204095921582356,0.015053387012077717,0.9261333800105024,0.04060913705583756
GGACC,0.9271508014393196,0.02839385017991495,0.025089957474648348,0.019365390906117108
GACCT,0.032336323299390304,0.9187282535831711,0.0352730871133527,0.013662336004085932
ACCTG,0.03248069498069498,0.930719111969112,0.01706081081081081,0.01973938223938224
TGGCC,0.031546707503828486,0.030627871362940276,0.872281776416539,0.06554364471669219
CCTCG,0.02379570516540917,0.033372025536854324,0.06035983749274521,0.8824724318049912
CTCGT,0.04223901098901099,0.8880494505494505,0.036401098901098904,0.03331043956043956
TCGTG,0.023101265822784812,0.020253164556962026,0.9056962025316456,0.050949367088607596
CGTGA,0.016377649325626204,0.017341040462427744,0.05362877328195247,0.9126525369299936
AAACC,0.9210908504114894,0.03566241729869291,0.024366629014039052,0.018880103275778604
AACCT,0.03512928814257752,0.9277840733491295,0.017822190172040796,0.01926444833625219
ACCTT,0.03215957663342153,0.9293710563810299,0.014247913698351313,0.02422145328719723
CCTTC,0.016713091922005572,0.020891364902506964,0.03919617986470354,0.9231993633107839
TTCTC,0.036325261053099314,0.9043545878693624,0.025660964230171075,0.03365918684736725
GTCTC,0.04823063260008198,0.8822243475884683,0.02322721683290067,0.04631780297854898
TCTCT,0.03654457267101522,0.07768857668506439,0.07334002341528684,0.8124268272286336
TCTGT,0.021821765451217796,0.040123891313529496,0.057862874841616216,0.8801914683936365
TGTCT,0.034599938214396046,0.046030274945937595,0.0639481000926784,0.8554216867469879
CTCAC,0.02880586592178771,0.9322625698324022,0.011871508379888268,0.02706005586592179
TCACC,0.8847399504667556,0.07201371689845684,0.014288435892550962,0.028957896742236616
CACCT,0.029361621519227128,0.9446864936541012,0.011176359158931616,0.014775525667740102
CTGCT,0.028859060402684565,0.04496644295302014,0.8624161073825504,0.06375838926174497
TGCTC,0.03322147651006711,0.9187919463087248,0.018456375838926176,0.02953020134228188
GCTCT,0.03859060402684564,0.07986577181208054,0.04798657718120805,0.8335570469798658
TGTCA,0.014164305949008499,0.028733306353702956,0.03419668150546337,0.9229057061918252
GTCAC,0.029525202819523873,0.9333687990424259,0.0136986301369863,0.02340736800106397
TCACT,0.6940625914009945,0.048259725065808716,0.01857268207078093,0.23910500146241592
CACTG,0.03268245395374602,0.9464063149148317,0.01135576789918294,0.009555463232239303
GCTGA,0.023030344264525784,0.01785957273098381,0.059906109674785685,0.8992039733297047
AAGCA,0.034394250513347026,0.01642710472279261,0.9183778234086243,0.030800821355236138
CTGGA,0.014807297552874969,0.011486034550360957,0.9425006342689761,0.0312060336277879
GGAGC,0.860699062233589,0.03972719522591645,0.07502131287297528,0.024552429667519183
CTGAG,0.01729371722932573,0.01186643363076074,0.9398169441633705,0.031022904976543097
TGAGC,0.8788732394366198,0.05160271976687712,0.03793103448275862,0.03159300631374454
AGATA,0.9132646880678377,0.047728649303452456,0.01956390066626287,0.019442761962447003
GATAT,0.01718147937590803,0.01137009664582149,0.021476849219885037,0.9499715747583855
ATATC,0.8119076900817478,0.03667800043405918,0.12327280619257759,0.028141503291615425
TATCC,0.02271083465933748,0.02039635469405468,0.01923911471141328,0.9376536959351945
ATCCT,0.02509582700513488,0.9468431330006509,0.010052795255659218,0.018008244738555
GGCTG,0.031047576502121955,0.9195145558781922,0.022708659072295436,0.026729208547390367
GTGAG,0.025231719876416064,0.014933058702368692,0.8908341915550978,0.0690010298661174
TGAGG,0.8677729075349614,0.048215403882279274,0.04539762053850971,0.03861406804424963
GAGGC,0.032620775315421326,0.01026345034974178,0.9173040465450742,0.0398117277897627
GGCCA,0.04250871080139373,0.90801393728223,0.020209059233449476,0.02926829268292683
GCAAC,0.9225676221235365,0.03794913201453371,0.01986273718207509,0.019620508679854664
CAACA,0.829113164526581,0.03456138245529821,0.12204488179527181,0.014280571222848914
AACAG,0.02996742671009772,0.9444082519001086,0.01520086862106406,0.010423452768729642
ACAGT,0.9126040428061831,0.04678953626634958,0.021700356718192627,0.018906064209274674
TCTGA,0.024181870836953372,0.03214596003475239,0.05603822762814944,0.8876339415001449
CTGAC,0.020640569395017794,0.021352313167259787,0.8875444839857651,0.0704626334519573
TGACG,0.9067679558011049,0.05179558011049724,0.020027624309392266,0.021408839779005526
GACGC,0.05662983425414365,0.8743093922651933,0.03660220994475138,0.0324585635359116
ACGCT,0.010359116022099447,0.020027624309392266,0.9295580110497238,0.04005524861878453
CGCTG,0.046993780234968904,0.8728403593642018,0.02902557014512785,0.05114029025570145
GAGTT,0.014249790444258172,0.01760268231349539,0.9253981559094719,0.04274937133277452
GTTGG,0.05071636870800051,0.01394700139470014,0.052364650691010525,0.8829719792062888
AAGGT,0.015460729746444033,0.009894867037724181,0.9406307977736549,0.034013605442176874
GGTTT,0.021136063408190225,0.18229854689564068,0.04491413474240423,0.7516512549537648
GTTTC,0.017173051519154558,0.018494055482166448,0.04227212681638045,0.9220607661822986
TTTCT,0.01668441604543841,0.024139155129570464,0.0706425275115371,0.888533901313454
TCTCC,0.04167460771234356,0.058509624547360396,0.06111428752938187,0.8387014802109142
CCAGT,0.8874043145441893,0.05247042449547669,0.026722338204592903,0.033402922755741124
GTGGC,0.025857223159078135,0.00955593029792018,0.9184935356942102,0.04609331084879146
GGATC,0.8081369497554469,0.06291685193419297,0.06469542018674966,0.06425077812361049
GATCC,0.07344206655981898,0.03309135476572075,0.05468087112284341,0.8387857075516169
ATCCC,0.05817610062893082,0.8647798742138365,0.031446540880503145,0.04559748427672956
TCCCT,0.05331712400138937,0.9083014935741577,0.021187912469607502,0.01719346995484543
CCCTG,0.04642689233662435,0.9007992477668078,0.021744240714621534,0.031029619181946404
CCTGA,0.024349075237924223,0.017346022625246902,0.06557730292691687,0.892727599209912
CTCCT,0.05516921650440427,0.8868136962712763,0.021921981588184647,0.03609510563613484
CCTGT,0.03870933104262858,0.015891764200579833,0.050252335445076776,0.8951465693117148
TGGAC,0.018821537965500564,0.012413348379816218,0.9426487183620829,0.026116395292600354
AAGAA,0.03608324599490942,0.016469531366971102,0.9169037281030095,0.030543494535110047
AGAAG,0.9182821354011333,0.03728004771846108,0.029824038174768863,0.014613778705636743
GGAGA,0.8428163159262146,0.05624837620161081,0.04598597038191738,0.05494933749025721
GAGAG,0.036301674322121794,0.014372499629574752,0.9025040746777301,0.04682175137057342
AGAGA,0.8394685856628841,0.07431497370606144,0.05964572377525602,0.026570716855798506
GAGAC,0.03160511363636364,0.01621685606060606,0.9088541666666666,0.04332386363636364
AGACA,0.897261287934863,0.044115470022205776,0.02768319763138416,0.030940044411547
GACAG,0.0523887483256437,0.9226075308825719,0.011757702038993898,0.013246018752790594
AGATC,0.9138773975178639,0.03362166227905228,0.025949605114704778,0.02655133508837909
GATCT,0.07402985074626865,0.041044776119402986,0.05208955223880597,0.8328358208955224
ATCTC,0.05566333383077152,0.8852410088046561,0.032980152216087154,0.0261155051484853
CTTGA,0.015418502202643172,0.016991818753933293,0.10604153555695406,0.8615481434864695
CTTGG,0.015202702702702704,0.015015015015015015,0.07901651651651652,0.8907657657657657
CAACC,0.9113375796178343,0.03617834394904459,0.032356687898089175,0.020127388535031848
ATCCA,0.050526106809608895,0.8982529283303554,0.02501488981536629,0.026206075044669448
TCCAT,0.06492393400471395,0.8797943004071138,0.027640882794086136,0.027640882794086136
CCATG,0.9035402770651616,0.04104669061056952,0.024884556182657773,0.030528476141611083
CATGA,0.026046986721144024,0.01710929519918284,0.07967313585291114,0.877170582226762
ATGAA,0.025851938895417155,0.017234625930278104,0.8811202506854681,0.07579318448883667
TGTGT,0.024240465416936006,0.042340012928248225,0.07078215901745313,0.8626373626373627
GTGTT,0.06252014179825975,0.016113438607798906,0.8014824363519175,0.11988398324202384
GTTGC,0.013291634089132134,0.022673964034401875,0.05707584050039093,0.9069585613760751
TTGCC,0.07544956997654417,0.016810007818608287,0.7740422204847537,0.13369820172009383
TGCCT,0.05357142857142857,0.8736933797909407,0.03767421602787457,0.0350609756097561
ATGTA,0.019333607568901685,0.016454134101192924,0.9263677498971616,0.03784450843274373
TGTAC,0.027252906976744186,0.013444767441860465,0.02071220930232558,0.9385901162790697
AGATT,0.8347790169351508,0.07765386204047914,0.033044196612969846,0.05452292441140025
GATTT,0.019943019943019943,0.014245014245014245,0.04721204721204721,0.9185999185999186
ATTTC,0.03589108910891089,0.054455445544554455,0.0594059405940594,0.8502475247524752
TTTCC,0.016675829210188748,0.026571376214037018,0.028953637529778267,0.9277991570459959
TTCCT,0.044444444444444446,0.9111111111111111,0.013821138211382113,0.03062330623306233
GAAGT,0.8644789579158316,0.05373246492985972,0.04659318637274549,0.03519539078156313
AAGTG,0.01288763592428514,0.010068465565847765,0.936770036246476,0.04027386226339106
CTCTT,0.05273833671399594,0.8242055442866801,0.04394861392832995,0.07910750507099391
TCTTG,0.02007168458781362,0.04229390681003584,0.07240143369175628,0.8652329749103943
CTGCC,0.03625377643504532,0.022658610271903322,0.8368580060422961,0.1042296072507553
CAGAT,0.01235340109460516,0.008131352619233777,0.9604378420641125,0.019077404222048476
CAGTT,0.02317479551651015,0.011511663132384126,0.9398667070584671,0.025446834292638595
TGGTA,0.0143545912776682,0.018628095551172473,0.9377602454525531,0.02925706771860618
GGTAC,0.09327701513551566,0.011615628299894404,0.03819077789510736,0.8569165786694826
GGTTA,0.005780346820809248,0.006831318970047294,0.026799789805570153,0.9605885444035733
GTTAC,0.01166532582461786,0.01729686242960579,0.02252614641995173,0.9485116653258246
TTACT,0.8860882210373243,0.057682985942801746,0.015996122152205527,0.04023267086766844
TACTC,0.043721403152008134,0.9049313675648195,0.013726487036095577,0.03762074224707677
GAAAG,0.8914767096134787,0.057482656095143705,0.018334985133795837,0.03270564915758176
AAAGA,0.8797029702970297,0.04257425742574258,0.03762376237623762,0.0400990099009901
AAGAG,0.028698664027709056,0.0425531914893617,0.8772884710539337,0.051459673428995545
AGAGT,0.8784956605593057,0.04339440694310511,0.034233365477338476,0.04387656702025072
GGCCC,0.03683693516699411,0.9042239685658153,0.02406679764243615,0.03487229862475442
GCCCT,0.05395582890690523,0.8767123287671232,0.0273972602739726,0.04193458205199888
GGGAT,0.033576642335766425,0.01508515815085158,0.8856447688564477,0.06569343065693431
GGATA,0.8012948207171314,0.07121513944223108,0.05029880478087649,0.07719123505976096
ATATT,0.8975609756097561,0.04439024390243902,0.02,0.03804878048780488
TATTG,0.01462701121404193,0.015602145294978059,0.05948317893710385,0.9102876645538761
ATTGC,0.013157894736842105,0.02387914230019493,0.04093567251461988,0.9220272904483431
TTGCA,0.03107074569789675,0.04158699808795411,0.8322179732313576,0.09512428298279159
AGTCC,0.02810143934201508,0.05071967100753941,0.0520904729266621,0.8690884167237835
TCCTC,0.06323337679269883,0.864406779661017,0.02346805736636245,0.04889178617992177
CCTCC,0.026799007444168736,0.04466501240694789,0.04218362282878412,0.8863523573200992
CTCCC,0.04973183812774257,0.9000487567040468,0.012676743052169674,0.03754266211604096
TCCCA,0.0627431906614786,0.8808365758754864,0.020428015564202335,0.03599221789883268
CCCAG,0.042801556420233464,0.9119649805447471,0.015077821011673152,0.030155642023346304
CCAGA,0.872568093385214,0.0646887159533074,0.0325875486381323,0.030155642023346304
CAGAC,0.045739910313901344,0.02197309417040359,0.8730941704035874,0.059192825112107626
AGACC,0.8966137249026072,0.05963440215762661,0.023673958645489962,0.020077914294276297
GACCC,0.07583859990277103,0.8813806514341274,0.0213903743315508,0.0213903743315508
ACCCT,0.03990854292246934,0.9137393473290376,0.020993556433173976,0.02535855331531906
CCCTC,0.050853548966756514,0.8950584007187781,0.031805929919137464,0.022282120395327943
TGACT,0.8557552209810587,0.07673627974745022,0.034482758620689655,0.03302574065080136
ACTTG,0.02001906577693041,0.030505243088655862,0.053860819828408006,0.8956148713060057
TGTTC,0.02521779000458505,0.062356717102246675,0.07015130674002751,0.8422741861531408
GTTCT,0.04206375287545186,0.03023332237923102,0.051593821886296416,0.8761091028590207
TTCTT,0.03793266951161688,0.8947368421052632,0.024656235182550973,0.04267425320056899
TCTTT,0.014450867052023121,0.014932562620423893,0.04238921001926782,0.9282273603082851
CTTTC,0.014743463731079222,0.013367407116178493,0.3164930214271673,0.655396107725575
TGGGT,0.011103400416377515,0.013879250520471894,0.9368494101318529,0.03816793893129771
GGTCT,0.07556270096463022,0.022508038585209004,0.3745980707395498,0.5273311897106109
GTCTT,0.030431107354184278,0.9289940828402367,0.02028740490278952,0.02028740490278952
TCTTC,0.012810248198558846,0.02241793434747798,0.03843074459567654,0.9263410728582866
GGGGG,0.01732226632984482,0.01100685673042223,0.9278238902923133,0.043846986647419706
GGGGT,0.017580872011251757,0.02390998593530239,0.9064697609001406,0.052039381153305204
GGGTT,0.026988636363636364,0.028409090909090908,0.8508522727272727,0.09375
AGTGC,0.015090172984909826,0.016930437983069563,0.050055207949944794,0.9179241810820759
GGGGA,0.011810129457188281,0.011355893708834885,0.9411764705882353,0.03565750624574154
GGGAG,0.01913296197626544,0.010898522644708163,0.9145071445870671,0.055461370791959314
GCTTA,0.024178212442271124,0.029339853300733496,0.061124694376528114,0.8853572398804672
CTTAG,0.018793012175754367,0.017469560614081524,0.06326098464796188,0.9004764425622023
TTAGT,0.8894764674775251,0.033844526705446853,0.0452141723955579,0.03146483342147012
TAGTG,0.015738783180643645,0.011745360582569885,0.9236551562132957,0.04886070002349072
GAGGG,0.029230356663984984,0.026816840976133013,0.8900509519978547,0.053901850362027354
GTCCC,0.061243144424131625,0.8592321755027422,0.031687995124923825,0.04783668494820231
TTCAA,0.05555555555555555,0.8988603988603988,0.019943019943019943,0.02564102564102564
TCAAC,0.9050991501416431,0.059490084985835696,0.012747875354107648,0.0226628895184136
GTGAC,0.02729528535980149,0.03598014888337469,0.8573200992555832,0.0794044665012407
CTTCG,0.02531645569620253,0.016877637130801686,0.05907172995780591,0.8987341772151899
TTCGG,0.035161744022503515,0.90014064697609,0.030942334739803096,0.03375527426160337
TCGGG,0.01606425702811245,0.036947791164658635,0.8835341365461847,0.06345381526104418
ACTTA,0.014705882352941176,0.024509803921568627,0.058823529411764705,0.9019607843137255
GATAC,0.011164867882396725,0.008187569780424266,0.013025679196129512,0.9676218831410495
ATACC,0.9170078154075176,0.03684406401190919,0.03386676590993673,0.012281354670636397
TACCC,0.015625,0.29910714285714285,0.006324404761904762,0.6789434523809523
AGCCC,0.02913453299057412,0.9177377892030848,0.01970865467009426,0.033419023136246784
CTGTT,0.016317016317016316,0.011655011655011656,0.9125874125874126,0.05944055944055944
TTGGA,0.01680672268907563,0.01680672268907563,0.9299719887955182,0.036414565826330535
TCACG,0.8402777777777778,0.07777777777777778,0.04861111111111111,0.03333333333333333
CACGG,0.05694444444444444,0.8416666666666667,0.05416666666666667,0.04722222222222222
ACGGG,0.0125,0.011111111111111112,0.925,0.05138888888888889
CGGGG,0.024160282852091926,0.01060695344725987,0.9192692987625221,0.04596346493812611
GACTC,0.058991436726926735,0.8449096098953378,0.05233111322549953,0.04376784015223597
GAAGG,0.8586703858670386,0.06694560669456066,0.04184100418410042,0.032543003254300325
GGCTC,0.06666666666666667,0.8166666666666667,0.029166666666666667,0.0875
GCTCA,0.05555555555555555,0.05416666666666667,0.07777777777777778,0.8125
AAGGA,0.02639019792648445,0.017907634307257305,0.9076343072573044,0.04806786050895382
TGGCG,0.03825717321997875,0.025504782146652496,0.89798087141339,0.03825717321997875
GGCGC,0.05420991926182238,0.8489042675893888,0.06459054209919261,0.03229527104959631
GCGCC,0.011428571428571429,0.025714285714285714,0.9085714285714286,0.054285714285714284
CGCCC,0.045714285714285714,0.8857142857142857,0.025714285714285714,0.04285714285714286
TCACA,0.8137510879025239,0.11923411662315056,0.03742384682332463,0.02959094865100087
ACAGA,0.8486416558861578,0.07373868046571798,0.050452781371280724,0.027166882276843468
GAGCC,0.03864734299516908,0.04710144927536232,0.8502415458937198,0.0640096618357488
CCATC,0.8923303834808259,0.05014749262536873,0.028023598820058997,0.029498525073746312
CATCA,0.048701298701298704,0.02922077922077922,0.08116883116883117,0.8409090909090909
ATCAC,0.04424778761061947,0.8584070796460177,0.035398230088495575,0.061946902654867256
CACAT,0.05806451612903226,0.9096774193548387,0.0064516129032258064,0.025806451612903226
ACATG,0.8064516129032258,0.11612903225806452,0.025806451612903226,0.05161290322580645
CATGC,0.023323615160349854,0.023323615160349854,0.06705539358600583,0.8862973760932945
ATGCA,0.0196078431372549,0.04411764705882353,0.8774509803921569,0.058823529411764705
GCACT,0.9698198198198198,0.018468468468468467,0.004054054054054054,0.0076576576576576575
AGTTC,0.023862788963460103,0.02237136465324385,0.0633855331841909,0.8903803131991052
GTTCC,0.023966942148760332,0.023140495867768594,0.04214876033057851,0.9107438016528926
TTCCA,0.04757785467128028,0.8927335640138409,0.02249134948096886,0.037197231833910036
GCGCT,0.019342359767891684,0.017408123791102514,0.8955512572533849,0.06769825918762089
CGCTT,0.04061895551257253,0.8994197292069632,0.03868471953578337,0.02127659574468085
GATCA,0.052715654952076675,0.04472843450479233,0.0878594249201278,0.8146964856230032
ATCAT,0.05750798722044728,0.8833865814696485,0.01757188498402556,0.04153354632587859
GTGCC,0.02968036529680365,0.0228310502283105,0.882800608828006,0.06468797564687975
TGCCG,0.06230031948881789,0.854632587859425,0.039936102236421724,0.04313099041533546
GCCGC,0.06379585326953748,0.835725677830941,0.05901116427432217,0.04146730462519936
CCGCC,0.03987240829346093,0.044657097288676235,0.8038277511961722,0.11164274322169059
CGCCT,0.07177033492822966,0.8564593301435407,0.046251993620414676,0.025518341307814992
AACAA,0.04552758435993572,0.9017139796464917,0.031065881092662024,0.02169255490091055
ACAAT,0.9111824505082932,0.0444087747458534,0.019529159978598182,0.024879614767255216
CAATC,0.8307486631016042,0.04438502673796792,0.10240641711229946,0.022459893048128343
AATCT,0.038869257950530034,0.03281171125694094,0.053003533568904596,0.8753154972236245
ATCTG,0.05299015897047691,0.8970476911430735,0.022205399949533182,0.02775674993691648
CTGTA,0.01088020890001088,0.006963333696006963,0.9611576542269612,0.020998803177021
TGTAA,0.012841440853194037,0.5431494177821308,0.016106213951463708,0.42790292741321145
GTAAG,0.9581311959502214,0.019616114743724954,0.012761020881670533,0.00949166842438304
TAAGG,0.934282700421941,0.039029535864978905,0.014135021097046414,0.012552742616033756
GGCGA,0.047244094488188976,0.8720472440944882,0.012795275590551181,0.06791338582677166
GCGAG,0.022637795275590553,0.0265748031496063,0.9015748031496063,0.04921259842519685
CGAGG,0.8898678414096917,0.05286343612334802,0.03634361233480176,0.02092511013215859
GGTAA,0.010668973471741637,0.010668973471741637,0.031141868512110725,0.947520184544406
GTAAA,0.898067331670823,0.024625935162094763,0.05548628428927681,0.021820448877805487
AAAGC,0.8711644374508262,0.03874901652242329,0.06549960660896932,0.024586939417781273
AGGGA,0.010574018126888218,0.0030211480362537764,0.9380664652567976,0.04833836858006042
TGGAA,0.016483516483516484,0.01098901098901099,0.9464285714285714,0.0260989010989011
GGAAG,0.8767942583732058,0.05143540669856459,0.041866028708133975,0.029904306220095694
TGTGG,0.01761006289308176,0.018867924528301886,0.052830188679245285,0.9106918238993711
GTGAT,0.024416135881104035,0.02653927813163482,0.8842887473460722,0.06475583864118896
TGATG,0.8416163492800743,0.06270320483046911,0.06270320483046911,0.03297724105898746
GATGC,0.08169291338582677,0.01673228346456693,0.10236220472440945,0.7992125984251969
ATGCC,0.015214384508990318,0.011065006915629323,0.9128630705394191,0.06085753803596127
CCTAG,0.017660044150110375,0.024282560706401765,0.039735099337748346,0.9183222958057395
CTAGT,0.8949579831932774,0.03571428571428571,0.029411764705882353,0.03991596638655462
CTGAT,0.019983347210657785,0.011656952539550375,0.9159034138218152,0.05245628642797669
GATGA,0.020168067226890758,0.029411764705882353,0.04453781512605042,0.9058823529411765
GCTTT,0.018534119629317607,0.02274641954507161,0.04212299915754002,0.9165964616680707
GGCTA,0.04377104377104377,0.8930976430976431,0.026094276094276093,0.037037037037037035
GCTAC,0.024300779458963778,0.029802842732691424,0.040348464007336084,0.9055479138010087
CTACT,0.8719460825610783,0.039595619208087615,0.02274641954507161,0.06571187868576242
TACTG,0.06501547987616099,0.8900928792569659,0.017027863777089782,0.02786377708978328
CGAGT,0.8492063492063492,0.047619047619047616,0.07142857142857142,0.031746031746031744
GGCAT,0.009615384615384616,0.9774247491638796,0.006688963210702341,0.006270903010033445
GCATC,0.8249097472924187,0.08303249097472924,0.02888086642599278,0.0631768953068592
ATCAG,0.048736462093862815,0.8953068592057761,0.019855595667870037,0.036101083032490974
TGACA,0.8518518518518519,0.05555555555555555,0.046296296296296294,0.046296296296296294
GACAC,0.09027777777777778,0.8472222222222222,0.013888888888888888,0.04861111111111111
ACACT,0.8958333333333334,0.0625,0.020833333333333332,0.020833333333333332
GCAAA,0.93115234375,0.0322265625,0.0146484375,0.02197265625
CAAAG,0.8800639658848614,0.0767590618336887,0.025053304904051173,0.01812366737739872
CAAAA,0.9590643274853801,0.029239766081871343,0.005847953216374269,0.005847953216374269
AAAAC,0.9122807017543859,0.05263157894736842,0.029239766081871343,0.005847953216374269
ATGCT,0.03056768558951965,0.013100436681222707,0.8820960698689956,0.07423580786026202
AGCTA,0.035238095238095235,0.8857142857142857,0.01619047619047619,0.06285714285714286
CTACA,0.8441330998248686,0.0446584938704028,0.08581436077057793,0.025394045534150613
CAGGC,0.02197802197802198,0.0,0.8901098901098901,0.08791208791208792
CTTAT,0.0,0.03571428571428571,0.026785714285714284,0.9375
TTATC,0.8869565217391304,0.043478260869565216,0.02608695652173913,0.043478260869565216
TATCT,0.017543859649122806,0.043859649122807015,0.05263157894736842,0.8859649122807017
ATCTA,0.02608695652173913,0.9130434782608695,0.008695652173913044,0.05217391304347826
TCTAC,0.043478260869565216,0.017391304347826087,0.034782608695652174,0.9043478260869565
GGTGT,0.023255813953488372,0.02558139534883721,0.0686046511627907,0.8825581395348837
GTGTC,0.02981651376146789,0.014908256880733946,0.908256880733945,0.047018348623853214
AACCC,0.044921875,0.908203125,0.03125,0.015625
ACCCG,0.042600896860986545,0.9080717488789237,0.017937219730941704,0.03139013452914798
CCCGG,0.033632286995515695,0.8811659192825112,0.02242152466367713,0.06278026905829596
CCGGG,0.017400204708290685,0.016376663254861822,0.932446264073695,0.033776867963152504
GGGAA,0.017341040462427744,0.017341040462427744,0.9190751445086706,0.046242774566473986
AGCAA,0.13636363636363635,0.803030303030303,0.030303030303030304,0.030303030303030304
ACGTG,0.0,0.014184397163120567,0.9432624113475178,0.0425531914893617
TTGTA,0.017077798861480076,0.015180265654648957,0.9278937381404174,0.03984819734345351
TGTAG,0.02462121212121212,0.022727272727272728,0.03409090909090909,0.9185606060606061
GTAGA,0.9075471698113208,0.02830188679245283,0.02830188679245283,0.035849056603773584
TAGAG,0.02010968921389397,0.025594149908592323,0.9122486288848263,0.04204753199268738
GACCG,0.07532956685499058,0.8606403013182674,0.03389830508474576,0.030131826741996232
ACCGG,0.05084745762711865,0.879472693032015,0.04331450094161959,0.026365348399246705
GGAAA,0.7981308411214953,0.08411214953271028,0.07476635514018691,0.04299065420560748
GAAAT,0.8803738317757009,0.059813084112149535,0.037383177570093455,0.022429906542056073
AAATT,0.8985765124555161,0.05516014234875445,0.030249110320284697,0.01601423487544484
AATTC,0.014953271028037384,0.011214953271028037,0.03551401869158879,0.9383177570093458
ATTCT,0.035256410256410256,0.02403846153846154,0.046474358974358976,0.8942307692307693
