kmer,A,C,G,T
GGATG,0.8961056105610561,0.029603960396039602,0.03607260726072607,0.03821782178217822
GATGC,0.044211810143307245,0.01097672527695904,0.06057526171358878,0.8842362028661449
ATGCA,0.03662104273325671,0.026956430884964997,0.8946818514261833,0.041740674955595025
TGCAC,0.11298063023995375,0.8262503613761203,0.029719572130673604,0.031049436253252384
GCACT,0.9130237024308889,0.035629453681710214,0.033759539091322587,0.017587304796078233
CACTG,0.044623884402889925,0.8658450205411531,0.06440950087358926,0.025121594182367663
ACTGG,0.02841063195009493,0.015713995117982098,0.0406326281529699,0.9152427447789531
CTGGG,0.03643186330764887,0.007851066542798331,0.9035284259613457,0.052188644188207005
TGGGT,0.03088220354971193,0.014454264443380209,0.9238103530845923,0.030853178922315583
GGGTG,0.04218537028623353,0.012039981826442525,0.9131985461154021,0.032576101771921856
GGTGA,0.020633699377491783,0.008556573640157609,0.053204635005012706,0.9176050919773379
GTGAA,0.0697668992229974,0.013510045033483445,0.8843362811209371,0.032386774622582076
TGAAG,0.9036337359347579,0.03189842056364199,0.021885000516155672,0.04258284298544441
GAAGC,0.8933016603568159,0.019300720065325513,0.07769777051938732,0.009699849058471283
AAGCA,0.08913406401974305,0.010621567346543756,0.8770656408023033,0.023178727831409836
AGCAG,0.04094250523343557,0.9275108319945475,0.017452899079889003,0.014093763692127939
GCAGA,0.934365154773216,0.026203930589588437,0.025628844326648997,0.013802070310546581
CAGAG,0.12784077970578858,0.010907683198979824,0.8367491005146422,0.024502436580589333
AGAGG,0.8945443800096037,0.046910205740036195,0.0443246038488531,0.014220810401507036
GAGGC,0.047430238647415274,0.009313982194957732,0.9140420438393058,0.02921373531832124
AGGCC,0.02635237231792082,0.008643094590510728,0.9339981867633727,0.03100634632819583
GGCCT,0.05546444353332422,0.8865199763108742,0.03580702473691404,0.022208555418887523
GCCTG,0.06135788585886984,0.8977017149283104,0.021858307562552713,0.01908209165026708
CCTGG,0.016977648842882574,0.006395463835959649,0.03942770488560691,0.9371991824355509
CTGGA,0.030895778721865677,0.00963572267920094,0.9221910874084787,0.03727741119045467
TGGAC,0.09478480188756,0.01313969571230982,0.8616467333821496,0.030428769017980636
GGACA,0.9228368213682648,0.021695747838100597,0.03699534360128946,0.018472087192345086
GACAA,0.05579345088161209,0.9118387909319899,0.021536523929471033,0.010831234256926952
ACAAG,0.9212071395021136,0.025716298731798967,0.03957256928135275,0.013503992484734616
CAAGG,0.7756429500650456,0.015110577404182928,0.19303512458721106,0.01621134794356049
AAGGC,0.03443298969072165,0.010824742268041237,0.9259793814432989,0.028762886597938145
GCCTT,0.04223779693605408,0.9271537555045587,0.01894808658438256,0.011660360975004651
CCTTG,0.01517963674930399,0.006562375712581201,0.03248044544610897,0.9457775420920058
CTTGA,0.012155631943406566,0.007074179245753001,0.04179743934638569,0.9389727494644547
TTGAG,0.022800133364109666,0.00874560796081147,0.943345900335975,0.025108358339103895
TGAGT,0.9188631271555522,0.019812199481408756,0.04312363114568386,0.018201042217355183
GAGTG,0.03733044355592093,0.007025148537050185,0.9200141997683196,0.03563020813870932
AGTGG,0.017212503109194924,0.008025868501782605,0.043578476079927035,0.9311831523090954
GTGGA,0.027667652549661234,0.005621630692425482,0.9280934700983785,0.03861724665953475
TGGAT,0.026983318477015152,0.007398446453584617,0.9303705590220298,0.03524767604737043
GGATT,0.9402095973524545,0.01976833976833977,0.026365140650854938,0.0136569222283508
GATTG,0.01916683861797006,0.011073663938372653,0.044042460508517324,0.92571703693514
ATTGG,0.011027954582546455,0.006528176074234688,0.02497027348394768,0.9574735958592712
TTGGA,0.0244921020954627,0.005379910089173852,0.9079519492961898,0.06217603851917361
TGGAA,0.024814173140334208,0.008439054378807355,0.9347789638406081,0.031967808640250374
GGAAA,0.9396643762490077,0.020148375263489282,0.02726600782939582,0.012921240658107257
GAAAT,0.9190751445086706,0.02119460500963391,0.040187173135150016,0.019543077346545555
AAATA,0.9527340129749768,0.023169601482854494,0.012048192771084338,0.012048192771084338
AATAT,0.023169601482854494,0.017608897126969416,0.0963855421686747,0.8628359592215014
CCATG,0.9467182890855457,0.02955998033431662,0.011615044247787611,0.012106686332350049
CATGA,0.025083027442754764,0.009963293130571578,0.05060304142632407,0.9143506380003495
ATGAA,0.03753253828924269,0.017313396694715176,0.9005993098855863,0.04455475513045584
TGAAC,0.6646377275882321,0.28004698595760585,0.036787869080036305,0.018527417374125686
GAACT,0.9115238972469553,0.034643332309896635,0.034694504144918634,0.019138266298229456
AACTG,0.04564897512233515,0.9015501488553537,0.03551996714916333,0.017280908873147864
GGGTC,0.03878572786615121,0.012041320742759364,0.9045566892705494,0.04461626212053996
GGTCC,0.06243032329988852,0.019270584487975792,0.07469342251950947,0.8436056696926262
GTCCG,0.06176,0.87216,0.03616,0.02992
TCCGC,0.08886750080205326,0.8511389156239975,0.03256336220725056,0.02743022136669875
CCGCC,0.05031548293156447,0.014075392331337972,0.8946772366930917,0.040931888044005826
CGCCA,0.05985693246370713,0.8546181359141595,0.058804965285083104,0.026719966337050285
GCCAG,0.07080794966543494,0.8938380105862379,0.01657844801757715,0.018775591730750024
CCAGG,0.9361903173809126,0.030181757545439385,0.02284475571118893,0.010783169362459008
CAGGC,0.03445054303398342,0.010977461170150648,0.9229242088053252,0.031647786990540695
AGGCT,0.04227124045961587,0.02004529061477816,0.9130252453241634,0.02465822360144259
GGCTC,0.09027398755594368,0.8329876651020631,0.044209147472983296,0.032529199869009935
GCTCC,0.0358020733140964,0.026290477717217056,0.08827615688789142,0.8496312920807951
CTCCA,0.07035709544670118,0.876808708349927,0.03318730917297225,0.019646887030399574
TCCAG,0.06669591926283458,0.902296328799181,0.01925795914387402,0.011749792794110477
CAGGA,0.03214000532339633,0.012909236092627096,0.9342560553633218,0.020694703220654777
AGGAA,0.028520262651721164,0.00961729787092923,0.9318830005969357,0.029979438880413874
GAAAG,0.873981892543783,0.07728877547453421,0.037997692872373895,0.01073163910930891
AAAGG,0.932598833441348,0.02909195650608483,0.02405127097285231,0.014257939079714841
AAGGG,0.0336417157275021,0.006233612031860684,0.9222777420471974,0.03784693019343986
AGGGT,0.03423434910110927,0.014726507713884993,0.9238811679204386,0.02715797526456713
GGGTT,0.06786446636070696,0.013475246557953326,0.8833121765452593,0.03534811053608046
GGTTT,0.03884372177055104,0.012646793134598013,0.0656052393857272,0.8829042457091237
GTTTG,0.030054644808743168,0.028688524590163935,0.045765027322404374,0.8954918032786885
TTTGG,0.018442622950819672,0.0020491803278688526,0.0430327868852459,0.9364754098360656
GGAAT,0.92002200220022,0.022662266226622662,0.037513751375137516,0.019801980198019802
GAATG,0.8942048887668222,0.027135402361988466,0.05465531447404559,0.024004394397143643
AATGG,0.027453215540989836,0.00883442576232545,0.0440771349862259,0.9196352237104588
ATGGG,0.031278608483368935,0.007628928898382667,0.9074610924626183,0.05363137015563015
GGTTG,0.013736644928541696,0.004856389621201609,0.027889551824614958,0.9535174136256417
GTTGC,0.015326868939630905,0.004379105411323116,0.03409446355958711,0.9461995620894589
TTGCT,0.04141246071362544,0.006285819929746719,0.9169902015159919,0.03531151784063598
TGCTC,0.08235294117647059,0.8352941176470589,0.034793491864831036,0.04755944931163955
GCTCG,0.04628330995792426,0.0070126227208976155,0.05119214586255259,0.8955119214586256
CTCGC,0.11009817671809256,0.847124824684432,0.021739130434782608,0.021037868162692847
TCGCA,0.03428571428571429,0.008571428571428572,0.9291428571428572,0.028
CGCAT,0.0917381974248927,0.8444206008583691,0.02736051502145923,0.03648068669527897
GGGTA,0.058694218509562544,0.015387997362057594,0.872939107496153,0.05297867663222686
GGTAA,0.08507104631850895,0.03819892969182506,0.0407824321830596,0.8359475918066064
GTAAA,0.8905437352245863,0.03546099290780142,0.060756501182033094,0.013238770685579196
TAAAA,0.9401805869074492,0.03611738148984198,0.01580135440180587,0.007900677200902935
AAAAC,0.9272836538461539,0.028245192307692308,0.031850961538461536,0.012620192307692308
AAACA,0.8877755511022044,0.03198062792251169,0.0644622578490314,0.015781563126252503
AACAG,0.04709141274238227,0.925207756232687,0.01662049861495845,0.0110803324099723
ACAGA,0.9228295819935691,0.02847955902618282,0.03123564538355535,0.017455213596692696
GACAG,0.05322054806590889,0.9162921843334214,0.021499691602784386,0.008987575997885276
ACAGG,0.9322649827236983,0.03163350411056833,0.023054926724651495,0.013046586441081854
CAGGG,0.0300899317059977,0.008046521062952195,0.9221718845087565,0.039691662722293596
GGTCT,0.029760403530895336,0.018915510718789406,0.0648171500630517,0.8865069356872636
GTCTG,0.05946201038225578,0.8839075035394054,0.03067484662576687,0.02595563945257197
TCTGG,0.016563146997929608,0.008511617207269381,0.0478490913273522,0.9270761444674488
ATGGA,0.03148557203464114,0.00799410960345009,0.9318046351810947,0.028715683180814137
GGATA,0.836949198221264,0.0200781565826708,0.10739792480797736,0.03557472038808786
GATAG,0.050474762618690654,0.01199400299850075,0.06046976511744128,0.8770614692653673
ATAGG,0.8569682151589242,0.061124694376528114,0.02567237163814181,0.05623471882640587
TAGGG,0.03747534516765286,0.015779092702169626,0.8915187376725838,0.055226824457593686
AGGGG,0.03896103896103896,0.013615416841223292,0.9084625052366988,0.03896103896103896
GGGGC,0.05092204526404023,0.009639564124056999,0.8748952221290863,0.06454316848281642
GGGCT,0.03148366784730421,0.03804276531549259,0.895579168306441,0.03489439853076217
GGCTA,0.04073087171678721,0.9135896459840122,0.01693947468595356,0.02874000761324705
GCTAT,0.02564102564102564,0.013986013986013986,0.041181041181041184,0.9191919191919192
ATATG,0.878547451937748,0.05126640219713152,0.03295697284101312,0.037229173024107415
TATGC,0.053292729349067376,0.013703844689760183,0.06471259992386753,0.8682908260373049
GAGGA,0.04411764705882353,0.018907563025210083,0.8991596638655462,0.037815126050420166
AGGAC,0.04028132992327366,0.008312020460358057,0.9194373401534527,0.0319693094629156
GGACT,0.8846885401806942,0.05111745126010461,0.03637660485021398,0.02781740370898716
GACTG,0.06315789473684211,0.8945175438596491,0.019956140350877193,0.02236842105263158
ACTGA,0.01583949313621964,0.009503695881731784,0.0665258711721225,0.9081309398099261
CTGAA,0.03455992043759324,0.017155643958229737,0.9249129786176031,0.023371456986573842
GAACA,0.888007614213198,0.03489847715736041,0.05044416243654822,0.0266497461928934
AGGGC,0.02997932460372157,0.013324144268320699,0.9297036526533425,0.026992878474615206
GGGCC,0.021364103735861992,0.003998629041471496,0.9509882326059637,0.023649034616702844
TGGAG,0.024154589371980676,0.007381402466468629,0.9411288144747502,0.027335193686800492
GGAGT,0.8921710390415204,0.028162225435516077,0.05274392343179784,0.026922812091165736
GGAAG,0.7287733048331552,0.23500771879824248,0.021493884336777104,0.014725092031825199
GAAGG,0.9504248051151791,0.017254970657791014,0.02075851799947447,0.0115617062275554
AAGGA,0.047794796087839084,0.007196899797010519,0.8518176785384758,0.09319062557667467
AGGAT,0.023502495840266223,0.006447587354409318,0.9193011647254575,0.050748752079866885
GGAAC,0.9015425008204792,0.03577289136855924,0.036101083032490974,0.026583524778470626
GGATC,0.9032677848467322,0.03759398496240601,0.03224407171775593,0.02689415847310584
GATCC,0.04869287567351826,0.01197365795250449,0.04869287567351826,0.890640590700459
ATCCG,0.037916583516264216,0.9207742965475952,0.025743364597884653,0.015565755338255837
TCCGG,0.05772196519057061,0.9158404935007711,0.016743776162150253,0.009693765146508042
CCGGC,0.05063291139240506,0.018654230512991338,0.8970686209193871,0.03364423717521652
CGGCA,0.02664890073284477,0.01698867421718854,0.9107261825449701,0.04563624250499667
GGCAG,0.05733113673805601,0.9074135090609555,0.017792421746293245,0.017462932454695223
GCAGT,0.9137764932562621,0.041666666666666664,0.027938342967244702,0.016618497109826588
CAGTT,0.03398384925975774,0.009421265141318977,0.9135262449528937,0.04306864064602961
AGTTT,0.036026936026936025,0.03232323232323232,0.06868686868686869,0.8629629629629629
GTTTC,0.03467372983385505,0.014688177221285818,0.052732964122321216,0.8979051288225379
TTTCC,0.029057700290577002,0.0072644250726442506,0.03964300539643005,0.9240348692403487
TTCCA,0.05010932944606414,0.9221938775510204,0.019314868804664723,0.008381924198250729
GAAAC,0.9534500514933059,0.020803295571575696,0.017816683831101958,0.007929969104016478
AACAA,0.042444821731748725,0.9233870967741935,0.01931239388794567,0.014855687606112054
ACAAA,0.9423157894736842,0.031578947368421054,0.020421052631578947,0.00568421052631579
CAAAC,0.9676245907602765,0.012368133866860677,0.011640596580574755,0.008366678792288106
AAACT,0.9076608784473953,0.03350357507660878,0.03932584269662921,0.0195097037793667
GATGG,0.023184868822452714,0.006711409395973154,0.059250220324045824,0.9108535014575283
TGGGC,0.03955060284983559,0.007946656923639021,0.922725611983924,0.029777128242601387
GCTAC,0.02359574023804552,0.008352474420547087,0.029860096053455836,0.9381916892879516
CTACA,0.9634551495016611,0.014327242524916944,0.009343853820598007,0.01287375415282392
TACAT,0.03214383001906838,0.8572596022882049,0.007082538817760828,0.10351402887496595
ATATA,0.9150442477876106,0.029271613342409804,0.01906058543226685,0.03662355343771273
TATAA,0.039567128846804196,0.0113290497125465,0.04193439296584376,0.9071694284748055
ATAAA,0.5324596774193548,0.05443548387096774,0.3778225806451613,0.03528225806451613
TAAAC,0.8292338709677419,0.1284274193548387,0.027016129032258064,0.01532258064516129
AAAGA,0.9530104485366276,0.018876637995728224,0.021127980142007736,0.006984933325636437
AAGAT,0.012900703674745896,0.001563721657544957,0.9538702111024238,0.031665363565285376
CCTGA,0.020910209102091022,0.006560065600656006,0.04551045510455105,0.9270192701927019
CTATT,0.8938992042440318,0.034482758620689655,0.027851458885941646,0.04376657824933687
TATTC,0.05695364238410596,0.011920529801324504,0.08741721854304636,0.8437086092715231
ATTCA,0.03629536921151439,0.04005006257822278,0.06758448060075094,0.8560700876095119
TTCAC,0.09681697612732096,0.8421750663129973,0.01989389920424403,0.04111405835543767
TCACT,0.8183023872679045,0.06631299734748011,0.07161803713527852,0.04376657824933687
GATGA,0.048375755871185484,0.014343974124595697,0.07284488820137815,0.8644353818028406
GATAT,0.09016189290161893,0.006787048567870485,0.11357409713574097,0.7894769613947696
TATAT,0.014211886304909561,0.00904392764857881,0.02239448751076658,0.954349698535745
ATGAG,0.02740516370979374,0.01918361459685562,0.9013414106447425,0.052069811048608104
GAGTT,0.07595772787318363,0.01453104359313078,0.8678996036988111,0.0416116248348745
AGTTG,0.023480662983425413,0.012430939226519336,0.062154696132596686,0.9019337016574586
GTTGG,0.014304291287386216,0.005851755526657998,0.035110533159947985,0.9447334200260078
TTGGG,0.04335997279374256,0.011562659411664683,0.8998469648019044,0.045230402992688316
GGTTC,0.026476578411405296,0.008146639511201629,0.057535641547861505,0.9078411405295316
GTTCG,0.01992337164750958,0.11340996168582375,0.07164750957854406,0.7950191570881227
TTCGG,0.05177993527508091,0.9174757281553398,0.008090614886731391,0.022653721682847898
TCGGC,0.043689320388349516,0.008090614886731391,0.9142394822006472,0.03398058252427184
CGGCG,0.030744336569579287,0.01779935275080906,0.9061488673139159,0.045307443365695796
GGCGG,0.06796116504854369,0.9061488673139159,0.016181229773462782,0.009708737864077669
GCGGG,0.08414239482200647,0.042071197411003236,0.8284789644012945,0.045307443365695796
CGGGC,0.05834683954619125,0.01620745542949757,0.8638573743922204,0.06158833063209076
AGGGA,0.0549952726126694,0.013551843681058934,0.8901670343523479,0.04128584935392373
GGGAA,0.043462109955423475,0.009472511144130757,0.9177191679049034,0.029346210995542348
GACTA,0.05339805825242718,0.9158576051779935,0.016181229773462782,0.014563106796116505
ACTAG,0.008090614886731391,0.025889967637540454,0.021035598705501618,0.9449838187702265
CTAGA,0.8751381215469614,0.018232044198895028,0.08232044198895028,0.02430939226519337
TAGAA,0.029133284777858703,0.008011653313911144,0.9359067734887109,0.026948288419519302
AGAAT,0.893908281998631,0.022587268993839837,0.05475701574264202,0.028747433264887063
GGAGA,0.9362324399482188,0.015869971712135014,0.0270412811046651,0.02085630723498106
GAGAA,0.03064633260711692,0.00784313725490196,0.9276688453159041,0.03384168482207698
AGAAA,0.9306930693069307,0.017517136329017517,0.03427265803503427,0.017517136329017517
AATGA,0.04945139854736517,0.00880853036624942,0.04157008190387884,0.9001699891825066
TGAGC,0.8500132030631107,0.04977554792711909,0.05347240559809876,0.046738843411671505
GAGCT,0.05958456973293769,0.020771513353115726,0.8813056379821959,0.03833827893175074
AGCTG,0.044008664918481356,0.8858739026336792,0.04172842321286056,0.028389009234978908
GCTGG,0.02608415134337988,0.011336927969030831,0.04802064611272409,0.9145582745748652
TGAAA,0.9139506811519228,0.035350922572857386,0.03776513191929643,0.012933264355923435
GTTTA,0.019926047658175843,0.011503697617091208,0.0780608052588332,0.8905094494658997
TTTAA,0.015841584158415842,0.00846084608460846,0.0558055805580558,0.9198919891989199
TTAAA,0.9122843056696796,0.04663105998356615,0.02608874281018899,0.014995891536565324
TAAAG,0.9163368363586734,0.04572130476320459,0.025795004776852735,0.012146854101269278
AAAGT,0.922118995848982,0.030440798576793833,0.027871120774856692,0.019569084799367465
AAGTG,0.015917881582862243,0.004016661707825052,0.9483784587920262,0.03168699791728652
GGCTG,0.05345401098476058,0.8923184033418426,0.028390191072948094,0.025837394600448673
CCAGT,0.9040681693238043,0.04233095107201759,0.034634414513468936,0.01896646509070918
CAGTC,0.04373650107991361,0.010259179265658747,0.9071274298056156,0.038876889848812095
AGTCT,0.046486486486486484,0.04135135135135135,0.09054054054054055,0.8216216216216217
GTCTC,0.09865347622973344,0.8076394613904919,0.04836493542181918,0.04534212695795548
TCTCC,0.044242923880186864,0.01621324539708711,0.09782907392140698,0.841714756801319
CCAGA,0.9166995138615163,0.027066088556037315,0.043358297201419,0.012876100381027461
AGAGA,0.8910570609451586,0.024600018496254508,0.06094515860538241,0.023397761953204477
AGAAG,0.9277593898402647,0.027485969204202043,0.034105626708878976,0.010649014246654195
GGCTT,0.06387617178984085,0.8463047743623283,0.04970568999345978,0.040113363854371045
GCTTG,0.018605805011163483,0.011659637806995783,0.050359712230215826,0.9193748449516249
GTGGG,0.05178064234214551,0.010596460563688005,0.8730609569587066,0.0645619401354599
GCTCA,0.0323208722741433,0.008177570093457943,0.03933021806853582,0.9201713395638629
CTCAA,0.07554517133956386,0.8726635514018691,0.023753894080996884,0.028037383177570093
TCAAA,0.9411993769470405,0.022975077881619937,0.020249221183800622,0.01557632398753894
CAAAT,0.9036190476190477,0.012952380952380953,0.06133333333333333,0.022095238095238095
GTCTT,0.06263498920086392,0.870194384449244,0.0326133909287257,0.03455723542116631
TCTTG,0.02180954437486504,0.014899589721442452,0.06067803930036709,0.9026128266033254
GGACG,0.8900958466453675,0.03578274760383387,0.040255591054313096,0.03386581469648562
GACGG,0.08433734939759036,0.8815261044176707,0.012048192771084338,0.02208835341365462
ACGGA,0.04216867469879518,0.010040160642570281,0.8955823293172691,0.05220883534136546
CGGAT,0.04216867469879518,0.008032128514056224,0.8955823293172691,0.05421686746987952
ACATG,0.9391122600517023,0.025356141026346184,0.013585611352510863,0.021945987569440623
CATGC,0.022961203483768806,0.005278437582475587,0.02929532858273951,0.9424650303510161
AGAGC,0.9225127087872186,0.027814088598402325,0.03758169934640523,0.012091503267973857
GAGCC,0.03038827404967243,0.004996853832771958,0.951771107080727,0.012843765036828663
AGCCA,0.032728619029988894,0.9163272861902999,0.03184005923731951,0.019104035542391706
GCCAT,0.03570359281437126,0.9457335329341318,0.0125,0.006062874251497006
CATGG,0.01699524133242692,0.01825027453851383,0.0373372378810856,0.9274172462479736
AAGAG,0.02020140742538219,0.004246542101431691,0.9514074253821888,0.02414462509099733
AGCCT,0.039440203562340966,0.9285941475826972,0.017970737913486006,0.013994910941475827
TGCTG,0.08067940552016985,0.8287331917905166,0.060155697098372256,0.03043170559094126
GCTGA,0.024963289280469897,0.010279001468428781,0.033773861967694566,0.9309838472834068
GTGTG,0.026459143968871595,0.019455252918287938,0.8428015564202335,0.111284046692607
TGTGA,0.01867704280155642,0.012451361867704281,0.04669260700389105,0.9221789883268483
GTGAG,0.03514132925897632,0.01833460656990069,0.8708938120702827,0.07563025210084033
GATTC,0.042899408284023666,0.015779092702169626,0.059664694280078895,0.8816568047337278
ATTCG,0.017232890201871,0.0241260462826194,0.0723781388478582,0.8862629246676514
TTCGT,0.04614884627884303,0.905102372440689,0.030549236269093272,0.018199545011374715
TCGTC,0.03314917127071823,0.013974650633734157,0.9090022749431265,0.04387390315242119
CGTCA,0.018221803330191643,0.013823437009110902,0.06189129751806472,0.9060634621426328
GTCAG,0.058435438265786996,0.900722588752749,0.019478479421929,0.02136349355953503
TCAGC,0.8783783783783784,0.05936293436293436,0.04343629343629344,0.018822393822393823
CAGCC,0.03546291283161884,0.013264753654574987,0.9136437466161342,0.0376285868976719
CCTTC,0.03740157480314961,0.05265748031496063,0.08710629921259842,0.8228346456692913
CTTCA,0.03151157065484983,0.03692762186115214,0.07090103397341212,0.8606597735105859
TTCAG,0.07684777288301517,0.8761625061184533,0.02936857562408223,0.01762114537444934
TCAGG,0.9248461289277616,0.037252996436669905,0.02947845804988662,0.008422416585681892
GTGGC,0.04064470918009811,0.005956552207428171,0.8962859145059565,0.05711282410651717
TGGCT,0.02707808564231738,0.008396305625524769,0.9217044500419815,0.042821158690176324
CTGGC,0.024527934592174422,0.009149308935176173,0.9336188436830836,0.032703912789565893
TGGCA,0.022698291252231575,0.007396072430502423,0.9576638612598827,0.01224177505738332
GGCAC,0.41766369371329126,0.5410050032629976,0.019142919295192518,0.0221883837285186
GCACA,0.9378313253012048,0.018795180722891568,0.015421686746987951,0.027951807228915663
CACAC,0.12039312039312039,0.8412776412776413,0.019164619164619166,0.019164619164619166
ACACA,0.8761670761670761,0.06044226044226044,0.028992628992628992,0.0343980343980344
CACAT,0.05012285012285012,0.9017199017199017,0.01425061425061425,0.033906633906633905
TGCAT,0.15163230240549827,0.7865120274914089,0.028780068728522335,0.03307560137457045
GCATT,0.9239482200647249,0.019417475728155338,0.03559870550161812,0.021035598705501618
CATTG,0.013816925734024179,0.4265975820379965,0.06044905008635579,0.4991364421416235
GCCTA,0.05845181674565561,0.8894154818325435,0.018957345971563982,0.03317535545023697
CCTAT,0.019197207678883072,0.012216404886561954,0.03664921465968586,0.9319371727748691
CTATA,0.7283142389525368,0.030278232405891982,0.20867430441898527,0.03273322422258593
TATAC,0.1945830363506771,0.009265858873841768,0.04632929436920884,0.7498218104062723
ATACA,0.6084670724958495,0.21029330381848368,0.10514665190924184,0.07609297177642502
TACAA,0.027874564459930314,0.7874564459930313,0.17770034843205576,0.006968641114982578
TTGAA,0.026094276094276093,0.005892255892255892,0.9528619528619529,0.015151515151515152
TGAAT,0.9512937595129376,0.01293759512937595,0.01750380517503805,0.0182648401826484
TTGGT,0.047775947281713346,0.012355848434925865,0.9011532125205931,0.03871499176276771
TGGTA,0.02938706968933669,0.02434928631402183,0.9126784214945424,0.033585222502099076
GTAAC,0.9506493506493506,0.013852813852813853,0.011255411255411256,0.024242424242424242
TAACA,0.5099567099567099,0.032034632034632034,0.2502164502164502,0.2077922077922078
AACAT,0.03616438356164384,0.6454794520547945,0.2745205479452055,0.043835616438356165
CCAGC,0.9015974440894569,0.04089456869009585,0.04472843450479233,0.012779552715654952
GCCTC,0.0912280701754386,0.8329824561403508,0.04350877192982456,0.032280701754385965
CCTCC,0.04,0.018947368421052633,0.08421052631578947,0.8568421052631578
AGGCA,0.014864864864864866,0.014864864864864866,0.9405405405405406,0.02972972972972973
CACTT,0.051908396946564885,0.899236641221374,0.025954198473282442,0.022900763358778626
ACTTG,0.020292006928977976,0.008413758970551844,0.05741153179905964,0.9138827023014106
GTGGT,0.037785588752196834,0.005272407732864675,0.8927943760984183,0.0641476274165202
TGGTT,0.028745644599303136,0.006097560975609756,0.9259581881533101,0.039198606271777
GTTTT,0.02459016393442623,0.011922503725782414,0.07898658718330849,0.8845007451564829
TTTTA,0.026825633383010434,0.0067064083457526085,0.06333830104321908,0.9031296572280179
TTTAT,0.024390243902439025,0.001524390243902439,0.036585365853658534,0.9375
CATGT,0.030917874396135265,0.00966183574879227,0.07536231884057971,0.8840579710144928
ATGTC,0.014412416851441241,0.01607538802660754,0.9185144124168514,0.050997782705099776
TGTCT,0.03771491957848031,0.020521353300055462,0.0632279534109817,0.8785357737104825
CTTGG,0.020259938837920488,0.008027522935779817,0.04204892966360856,0.9296636085626911
TTCGC,0.07325127589312519,0.8664064845391775,0.03932752927048934,0.021014710297208045
TCGCC,0.039097744360902256,0.012030075187969926,0.9190977443609023,0.029774436090225564
CAGAC,0.04577930669489283,0.01243715268589574,0.9042074622916115,0.0375760783275999
AGACT,0.8866320264525271,0.0533774208786018,0.04156825696740671,0.018422295701464336
GACTC,0.07443209279845336,0.8859352344127598,0.024649589173513776,0.014983083615273078
ACTCC,0.030449492508458194,0.016433059449009184,0.07298211696471725,0.8801353310778154
CTCCG,0.04618614415675298,0.9160251924422673,0.01959412176347096,0.01819454163750875
CCGGA,0.04033832140533507,0.007807417046193884,0.9225764476252439,0.029277813923227064
CGGAA,0.03590285110876452,0.008447729672650475,0.9345300950369588,0.021119324181626188
GAAAA,0.8068517424689899,0.029533372711163616,0.1470761961015948,0.016538688718251624
AAAAG,0.9119420989143546,0.05307599517490953,0.025331724969843185,0.009650180940892641
GGTCG,0.014983083615273078,0.0038666022232962784,0.02513291445142581,0.9560173997100049
GTCGC,0.053649105848235866,0.8777187046882552,0.028999516674722087,0.039632672788786856
CGCAA,0.05134474327628362,0.9046454767726161,0.02567237163814181,0.018337408312958436
GCAAC,0.9543436905516804,0.009511731135066582,0.016487000634115408,0.019657577679137603
CAACC,0.6664552948636652,0.012682308180088777,0.3151553582752061,0.0057070386810399495
AACCA,0.046924540266328474,0.9080532656943564,0.02219403931515536,0.022828154724159798
ACCAT,0.04182509505703422,0.9125475285171103,0.016476552598225603,0.029150823827629912
AAATG,0.8918539325842697,0.056179775280898875,0.023876404494382022,0.028089887640449437
AATGC,0.04740781813141114,0.01275298031605212,0.0687551982256723,0.8710840033268644
AGACA,0.8602068173113749,0.06510915358100344,0.052087322864802756,0.022596706242818843
GACAC,0.12282958199356914,0.8006430868167203,0.043086816720257236,0.033440514469453377
ACACC,0.827120822622108,0.05334190231362468,0.08740359897172237,0.032133676092544985
CACCT,0.07247259439707673,0.8824604141291108,0.03532277710109622,0.0097442143727162
ACCTG,0.03586140053307487,0.5718439544463291,0.37799854615943784,0.014296098861158226
CCTGT,0.03076923076923077,0.011188811188811189,0.08951048951048951,0.8685314685314686
CTGTG,0.023351648351648352,0.016483516483516484,0.9189560439560439,0.04120879120879121
TGTGC,0.013986013986013986,0.01818181818181818,0.1034965034965035,0.8643356643356643
GTGCA,0.03851640513552068,0.010699001426533523,0.9015691868758916,0.049215406562054205
GCATG,0.9020562770562771,0.025974025974025976,0.02922077922077922,0.04274891774891775
ATGGC,0.03104693140794224,0.01444043321299639,0.9122743682310469,0.04223826714801444
TGGCC,0.047097480832420595,0.004016064257028112,0.9193136181087989,0.029572836801752465
GGAGC,0.8390129259694477,0.01880141010575793,0.08108108108108109,0.06110458284371328
AGCTA,0.07957244655581948,0.83729216152019,0.027315914489311165,0.055819477434679333
CAAGA,0.9118773946360154,0.0421455938697318,0.038314176245210725,0.007662835249042145
GAGCA,0.055449330783938815,0.0248565965583174,0.8891013384321224,0.030592734225621414
AGCAA,0.05941845764854614,0.8533501896333755,0.07206068268015171,0.015170670037926675
GCAAT,0.858508604206501,0.09560229445506692,0.03824091778202677,0.0076481835564053535
CAATG,0.9188388625592417,0.03613744075829384,0.02132701421800948,0.023696682464454975
GAGTA,0.06653225806451613,0.012096774193548387,0.8800403225806451,0.04133064516129032
AGTAA,0.046539379474940336,0.003579952267303103,0.032219570405727926,0.9176610978520287
GTAAT,0.9402332361516035,0.013119533527696793,0.01749271137026239,0.029154518950437316
GAGAT,0.022589007035920223,0.2512299634978575,0.5841400835846162,0.1420409458816061
AGATA,0.6288667297474343,0.009607686148919135,0.028167988936603827,0.3333575951670427
TGGCG,0.06818181818181818,0.022727272727272728,0.8863636363636364,0.022727272727272728
GGCGT,0.0,0.7727272727272727,0.22727272727272727,0.0
GCGTG,0.0,0.045454545454545456,0.8409090909090909,0.11363636363636363
CGTGG,0.045454545454545456,0.0,0.0,0.9545454545454546
TTCGA,0.0835509138381201,0.8707571801566579,0.02741514360313316,0.018276762402088774
TCGAC,0.07049608355091384,0.013054830287206266,0.8851174934725848,0.031331592689295036
CGACA,0.28117827084927316,0.013006885998469778,0.6996939556235654,0.00612088752869166
TCCAA,0.045454545454545456,0.8863636363636364,0.022727272727272728,0.045454545454545456
CCAAG,0.9265175718849841,0.029818956336528223,0.029818956336528223,0.013844515441959531
CTGAG,0.047619047619047616,0.031746031746031744,0.873015873015873,0.047619047619047616
GGTAG,0.0125,0.025,0.0875,0.875
GTAGC,0.8636363636363636,0.0,0.022727272727272728,0.11363636363636363
TAGCA,0.06557377049180328,0.0,0.8852459016393442,0.04918032786885246
AGCAT,0.045454545454545456,0.8636363636363636,0.045454545454545456,0.045454545454545456
CATTC,0.0,0.0,0.022727272727272728,0.9772727272727273
TTCAT,0.022727272727272728,0.8181818181818182,0.022727272727272728,0.13636363636363635
TGCAG,0.09771986970684039,0.8599348534201955,0.017915309446254073,0.024429967426710098
CAGTG,0.030327868852459017,0.01721311475409836,0.9057377049180327,0.04672131147540984
GGTGC,0.027737226277372264,0.01167883211678832,0.07007299270072993,0.8905109489051095
TGCAA,0.057176196032672114,0.8720342279268767,0.03811746402178141,0.03267211201866978
GCAAA,0.9157366071428571,0.03459821428571429,0.029017857142857144,0.020647321428571428
CAAAA,0.9240875912408759,0.043795620437956206,0.027737226277372264,0.004379562043795621
AGATG,0.8994169096209913,0.043731778425655975,0.037900874635568516,0.018950437317784258
ATGCC,0.026239067055393587,0.008746355685131196,0.9125364431486881,0.052478134110787174
TGCCA,0.08534850640113797,0.8549075391180654,0.044096728307254626,0.015647226173541962
TTAAG,0.8892128279883382,0.037900874635568516,0.04518950437317784,0.027696793002915453
TAAGT,0.8979591836734694,0.03206997084548105,0.037900874635568516,0.03206997084548105
TTGGC,0.048295454545454544,0.007102272727272727,0.8963068181818182,0.048295454545454544
GTGTA,0.043478260869565216,0.013377926421404682,0.846989966555184,0.09615384615384616
TGTAG,0.029459901800327332,0.014729950900163666,0.057283142389525366,0.8985270049099836
GTAGG,0.7921847246891652,0.06039076376554174,0.06216696269982238,0.0852575488454707
TAGGC,0.1164021164021164,0.010582010582010581,0.8174603174603174,0.05555555555555555
TGGGA,0.02953866578161301,0.005310321938267508,0.9452373050116163,0.019913707268503153
GAAGA,0.9286652078774617,0.030196936542669583,0.030196936542669583,0.010940919037199124
AAGAC,0.053204353083434096,0.008464328899637243,0.9032648125755743,0.03506650544135429
AGACC,0.8551099611901681,0.03880983182406209,0.07373868046571798,0.03234152652005175
GACCC,0.0995850622406639,0.8174273858921162,0.04702627939142462,0.035961272475795295
ACCCT,0.08298755186721991,0.8229598893499308,0.06639004149377593,0.027662517289073305
CCCTG,0.056708160442600276,0.8907330567081605,0.027662517289073305,0.024896265560165973
GAGAC,0.06611570247933884,0.01928374655647383,0.8732782369146006,0.04132231404958678
GACAT,0.03665987780040733,0.9394093686354379,0.011710794297352342,0.012219959266802444
TGTAA,0.013782542113323124,0.004594180704441042,0.055130168453292494,0.9264931087289433
GTAAG,0.8223684210526315,0.05921052631578947,0.07236842105263158,0.046052631578947366
TAAGC,0.8757396449704142,0.06255283178360102,0.032121724429416736,0.029585798816568046
AAGCT,0.06739130434782609,0.015942028985507246,0.8891304347826087,0.02753623188405797
GGGAG,0.05647840531561462,0.009966777408637873,0.8837209302325582,0.04983388704318937
TTGCA,0.02724897349757372,0.007465472191116088,0.9294512877939529,0.03583426651735722
GCATA,0.9326599326599326,0.017508417508417508,0.016835016835016835,0.032996632996632996
CATAC,0.04043126684636118,0.005390835579514825,0.04380053908355795,0.910377358490566
GTATA,0.8262839879154078,0.05664652567975831,0.06268882175226587,0.054380664652567974
ATAAG,0.8383458646616542,0.05075187969924812,0.07330827067669173,0.03759398496240601
AGAAC,0.8565217391304348,0.04782608695652174,0.07282608695652174,0.02282608695652174
GAGAG,0.05346764819837272,0.009492444788841535,0.6003487020534677,0.3366912049593181
ATGAT,0.029683112715603692,0.011231448054552748,0.9041315683914962,0.05495387083834737
CAGGT,0.051319648093841645,0.020527859237536656,0.8826979472140762,0.045454545454545456
AGGTT,0.04050632911392405,0.024050632911392405,0.9025316455696203,0.03291139240506329
GTTCC,0.03283582089552239,0.011940298507462687,0.06417910447761194,0.891044776119403
CAGAA,0.010067114093959731,0.00587248322147651,0.977768456375839,0.006291946308724832
GTCTA,0.05945945945945946,0.8756756756756757,0.036756756756756756,0.02810810810810811
TCTAG,0.01948051948051948,0.016233766233766232,0.03787878787878788,0.9264069264069265
GATCG,0.029748283752860413,0.009725400457665904,0.05491990846681922,0.9056064073226545
ATCGG,0.049748462828395755,0.7970933482392398,0.022917831190609278,0.13024035774175516
TCGGA,0.03775743707093822,0.009725400457665904,0.915903890160183,0.036613272311212815
CGGAG,0.04278990158322636,0.00599058622165169,0.9007274283269149,0.050492083868207104
TGTAC,0.0536480686695279,0.01072961373390558,0.08369098712446352,0.851931330472103
GTACA,0.8408826945412311,0.06620209059233449,0.04994192799070848,0.0429732868757259
TACAC,0.1382419233658903,0.8046581517655897,0.024793388429752067,0.032306536438767845
ACACT,0.7970565453137103,0.069713400464756,0.10147172734314484,0.031758326878388844
AGTGA,0.02155887230514096,0.004975124378109453,0.04228855721393035,0.9311774461028193
GTGAT,0.03789126853377265,0.01070840197693575,0.8879736408566722,0.06342668863261944
AAAGC,0.9066147859922179,0.034241245136186774,0.045136186770428015,0.014007782101167316
ATAGA,0.8594293667362561,0.03966597077244259,0.07515657620041753,0.025748086290883786
TAGAG,0.053082191780821915,0.02226027397260274,0.8875570776255708,0.037100456621004564
AGAGT,0.8520084566596194,0.035940803382663845,0.07980972515856237,0.03224101479915433
TTATG,0.9155844155844156,0.025974025974025976,0.006493506493506494,0.05194805194805195
TATGA,0.05136612021857923,0.018579234972677595,0.08087431693989071,0.8491803278688524
GAATT,0.9365079365079365,0.015873015873015872,0.007936507936507936,0.03968253968253968
AATTG,0.03968253968253968,0.015873015873015872,0.15079365079365079,0.7936507936507936
AAAAA,0.9074074074074074,0.037037037037037035,0.027777777777777776,0.027777777777777776
CAGAT,0.015425531914893617,0.0031914893617021275,0.9218085106382978,0.059574468085106386
GGGAC,0.031175771971496437,0.008907363420427554,0.9204275534441805,0.03948931116389549
GACTT,0.06255721696673787,0.874580408910589,0.033567287152883735,0.02929508696978944
AGTTA,0.0379746835443038,0.0037974683544303796,0.03291139240506329,0.9253164556962026
GTTAT,0.021518987341772152,0.0379746835443038,0.03417721518987342,0.9063291139240506
GATAC,0.008253094910591471,0.001375515818431912,0.7689133425034388,0.22145804676753783
GCAGG,0.9289297658862876,0.038461538461538464,0.025919732441471572,0.006688963210702341
TTTCA,0.01867572156196944,0.013582342954159592,0.05263157894736842,0.9151103565365025
TTCAA,0.18010291595197256,0.7701543739279588,0.029159519725557463,0.02058319039451115
TCAAG,0.9262435677530018,0.032590051457975985,0.029159519725557463,0.012006861063464836
CAAGT,0.9176672384219554,0.025728987993138937,0.032590051457975985,0.024013722126929673
GGGCA,0.026743075453677174,0.008595988538681949,0.9245463228271251,0.04011461318051576
GGCAT,0.04218106995884774,0.8981481481481481,0.026748971193415638,0.03292181069958848
GACGA,0.06869479882237488,0.8842001962708538,0.033366045142296366,0.013738959764474975
ACGAG,0.03831041257367387,0.021611001964636542,0.9027504911591355,0.03732809430255403
CGAGG,0.9027504911591355,0.025540275049115914,0.04518664047151277,0.026522593320235755
TATAG,0.05511811023622047,0.011811023622047244,0.03937007874015748,0.8937007874015748
GATAA,0.016040688575899843,0.007042253521126761,0.028951486697965573,0.9479655712050078
ATAAC,0.33398513883457176,0.025029331247555728,0.6296441141963238,0.01134141572154869
TAACC,0.3562768869769261,0.6132186155651154,0.01329683222526398,0.017207665232694565
AACCT,0.6347281971059836,0.33046538912788426,0.022291748142354323,0.012514665623777864
ACCTA,0.09836065573770492,0.8524590163934426,0.02459016393442623,0.02459016393442623
CCTAG,0.048,0.016,0.068,0.868
TAGAC,0.10526315789473684,0.005847953216374269,0.8538011695906432,0.03508771929824561
TGATA,0.8478260869565217,0.03260869565217391,0.08152173913043478,0.03804347826086957
GAGGT,0.049217002237136466,0.011185682326621925,0.9149888143176734,0.024608501118568233
AGGTC,0.020134228187919462,0.008948545861297539,0.9463087248322147,0.024608501118568233
GGTGG,0.019230769230769232,0.01282051282051282,0.04700854700854701,0.9209401709401709
CAAAG,0.8161764705882353,0.03676470588235294,0.13725490196078433,0.00980392156862745
AAGTC,0.01764705882352941,0.0058823529411764705,0.9588235294117647,0.01764705882352941
AGTCC,0.029411764705882353,0.21764705882352942,0.052941176470588235,0.7
GTCCT,0.052941176470588235,0.9117647058823529,0.03529411764705882,0.0
TCCTG,0.2647058823529412,0.7,0.01764705882352941,0.01764705882352941
ATATC,0.989247311827957,0.008064516129032258,0.002688172043010753,0.0
TATCC,0.013440860215053764,0.0,0.8279569892473119,0.1586021505376344
ATCCT,0.021505376344086023,0.9650537634408602,0.002688172043010753,0.010752688172043012
TCCTC,0.005376344086021506,0.989247311827957,0.002688172043010753,0.002688172043010753
CCTCG,0.013440860215053764,0.002688172043010753,0.013440860215053764,0.9704301075268817
CTCGA,0.024193548387096774,0.14516129032258066,0.024193548387096774,0.8064516129032258
TCGAT,0.0,0.008064516129032258,0.9623655913978495,0.02956989247311828
CGATT,0.978494623655914,0.002688172043010753,0.008064516129032258,0.010752688172043012
ATGTA,0.011363636363636364,0.022727272727272728,0.9053030303030303,0.06060606060606061
TGTAT,0.08333333333333333,0.01893939393939394,0.09090909090909091,0.8068181818181818
GTATT,0.7575757575757576,0.14393939393939395,0.05303030303030303,0.045454545454545456
TATTG,0.01893939393939394,0.022727272727272728,0.08712121212121213,0.8712121212121212
GCTTC,0.04477611940298507,0.007462686567164179,0.07649253731343283,0.871268656716418
CTTCG,0.018656716417910446,0.0018656716417910447,0.027985074626865673,0.9514925373134329
ATTGC,0.012418687167356593,0.004139562389118865,0.04376108811354228,0.9396806623299823
GCTGT,0.0149812734082397,0.009363295880149813,0.05056179775280899,0.9250936329588015
CTGTA,0.028089887640449437,0.00749063670411985,0.949438202247191,0.0149812734082397
GGTAC,0.024896265560165973,0.008298755186721992,0.024896265560165973,0.941908713692946
