kmer,A,C,G,T
CTAAC,0.8096971361857015,0.022251219009683403,0.025272989492479914,0.14277865531213516
TAACT,0.8532650589142164,0.03474286972800352,0.10510956943067944,0.00688250192710054
AACTA,0.028200270635994586,0.8293369418132611,0.02311231393775372,0.11935047361299053
ACTAC,0.024898389281950924,0.01038687340057203,0.022640373325304834,0.9420743639921723
CTACA,0.9607087459730342,0.01845841784989858,0.006467008710177783,0.014365827466889393
TACAA,0.03690053385154906,0.8903929058053563,0.0048917777926690345,0.06781478255042551
ACAAT,0.9459816375298704,0.016758898251792227,0.024776757640548357,0.012482706577788957
CAATG,0.9476915619824696,0.03582825059579109,0.008886375570545705,0.0075938118511936015
AATGA,0.01475501113585746,0.01475501113585746,0.020239420935412027,0.9502505567928731
ATGAG,0.02546930844234706,0.014434921406016864,0.9383739893820049,0.021721780769631147
TGAGA,0.9348790535544523,0.028942642864687864,0.026460335903665363,0.009717967677194465
GAGAA,0.02949031194954259,0.013693959884084323,0.929370986987897,0.027444741178476048
AGAAG,0.9618106356931713,0.016631333791167775,0.011495625690484011,0.010062404825176913
GAAGT,0.928276425106853,0.018056956250300148,0.016952408394563703,0.03671421024828315
AAGTT,0.03131055805952925,0.017593136934700722,0.9284734469919655,0.022622858013804516
AGTTC,0.016925042794801937,0.005207705475323674,0.01933601755189623,0.9585312341779781
GTTCA,0.05484560462049207,0.01296102596752922,0.01864568647960344,0.9135476829323753
TTCAA,0.030473852810250862,0.9496193368556808,0.009256562799018181,0.01065024753505013
TCAAG,0.967339554370596,0.015558941154065892,0.010912207198628832,0.006189297276709198
CAAGA,0.9522023302074453,0.025234441602728048,0.012389883489627735,0.01017334470019892
AAGAG,0.029985528219971056,0.017655571635311142,0.930767004341534,0.02159189580318379
AGAGC,0.7632138766159384,0.02667321224022255,0.18900343642611683,0.02110947471772214
GAGCA,0.08321120338707051,0.020680670900504804,0.8684253378928514,0.02768278781957336
AGCAA,0.037274135260712445,0.9216313887454827,0.0123902942694889,0.028704181724315953
GCAAG,0.972948268195069,0.011438312169573596,0.008794900933840605,0.006818518701516873
CAAGG,0.9589894777210517,0.022782291891373648,0.010486325831116224,0.0077419045564583785
AAGGC,0.017752744902324254,0.015471267645800656,0.9501639811778126,0.016612006274062455
AGGCC,0.030486183303918963,0.005222058361337427,0.9414210768077751,0.022870681526968546
GGCCA,0.03721324603137218,0.9389985397333835,0.008526072824909322,0.015262141410334919
GCCAC,0.030813112646633455,0.9486983769885907,0.008617226418126305,0.011871283946649526
CCACA,0.9423297980783829,0.009261066649315723,0.03823714403452838,0.010171991237773006
CACAC,0.037045961086681525,0.938557918197699,0.00921631227034516,0.015179808445274381
ACACT,0.88282257783356,0.024056061081476832,0.018338388592546107,0.07478297249241711
CACTG,0.03832053306216383,0.9020043351441034,0.006342155262383259,0.05333297653134952
ACTGA,0.010837959291567539,0.01416109663532344,0.014047807862240852,0.9609531362108682
CTGAC,0.013780203185063152,0.012853514552443712,0.9537342119714443,0.019632070291048874
TGACT,0.9557405877243162,0.017246128095934236,0.014301150448102713,0.012712133731646856
GACTG,0.02815116064119154,0.9588559959859508,0.003538701243827079,0.009454142129030554
ACTGT,0.012352520818445654,0.010835800434598725,0.02356750134900611,0.9532441773979495
CTGTA,0.027022114510754317,0.00505907300817934,0.9485913359588004,0.01932747652226598
TGTAG,0.012728127202945094,0.021148272891047232,0.013550560037596929,0.9525730398684108
GTAGA,0.9352772428970016,0.03289189295398279,0.01642629779541793,0.015404566353597673
TAGAC,0.0334803528468324,0.0048115477145148355,0.9417401764234162,0.019967923015236567
AGACA,0.950959867277611,0.03013904250276505,0.00829514931268763,0.010605940906936324
GACAA,0.03150862498753614,0.9330441719014857,0.0057832286369528365,0.029663974474025325
ACAAA,0.9521182826272391,0.018083593972135343,0.01637759454080182,0.013420528859823713
CAAAT,0.8710064047342597,0.1083561182066744,0.011198921307914155,0.009438555751151729
AAATC,0.8942239003979998,0.061281763445249514,0.02617614042249209,0.018318195734258597
AATCC,0.036230590754952705,0.007555476232970432,0.025938485335237075,0.9302754476768398
ATCCT,0.02931937172774869,0.9607149304928687,0.0034663296623939337,0.006499368116988626
TCCTC,0.034192200557103064,0.9386954503249768,0.004526462395543176,0.022585886722376974
CCTCC,0.027963184149511697,0.008173493524438512,0.020094147403920466,0.9437691749221293
CTCCA,0.03393816024988594,0.8806198013547187,0.005176710069139789,0.08026532832625558
TCCAG,0.026959460810783785,0.9599608007839843,0.004739905201895962,0.008339833203335933
CCAGC,0.9699046945138535,0.013466598854565155,0.008778718793534264,0.007849987838047011
CAGCA,0.03023755028929673,0.011557653213539371,0.9381032938600856,0.020101502637078317
AGCAC,0.02351967595113134,0.9530477580086675,0.007273677562664692,0.01615888847753653
GCACA,0.9616543412763626,0.015036976170912078,0.01073678444261846,0.01257189811010682
CACAG,0.03024066769564969,0.9567446026029459,0.003182225271060805,0.009832504430343565
ACAGC,0.9346434934370796,0.03179653128749591,0.01743446169508781,0.01612551358033669
CAGCC,0.07112383394491356,0.004620009726336266,0.9041734824704895,0.020082673858260753
AGCCT,0.03800176167107085,0.9300616584874796,0.00928652321630804,0.022650056625141562
GCCTA,0.02000754211011481,0.9310944439788821,0.03846476158551915,0.010433252325483953
CCTAC,0.015283792233054674,0.008660815598730982,0.013917513836463422,0.9621378783317509
TACAT,0.018156303972366148,0.9639032815198618,0.005267702936096718,0.012672711571675302
ACATG,0.9613279451634354,0.02087063276893959,0.00895186454550105,0.008849557522123894
CATGC,0.014039893844705076,0.008988956424963616,0.013355020974231658,0.9636161287560997
ATGCA,0.01928879721935755,0.011458691417440128,0.9510713876475306,0.01818112371567167
TGCAG,0.040037491212996955,0.8809185347184254,0.040021869874248224,0.03902210419432946
GCAGC,0.9698323266162462,0.012875826946178705,0.00937346665989882,0.00791837977767626
CAGCT,0.057084982966577665,0.014869717337261763,0.9134518000184145,0.014593499677746063
AGCTC,0.032363964654063965,0.9397860640713485,0.007878970262358767,0.019971001012228817
GCTCA,0.018789484410026494,0.01247197880578765,0.019319339718769105,0.9494191970654168
CTCAG,0.021823883379947454,0.9583863039240613,0.009831341639121959,0.009958471056869226
TCAGC,0.9600598294053442,0.02595302583175001,0.007033997655334115,0.006953147107571654
AGCAG,0.018220217640320734,0.961340206185567,0.008447880870561282,0.011991695303550974
GCCTG,0.03031410678168482,0.9384701610741526,0.0065306918147038035,0.02468504032945878
CCTGA,0.010115958481998054,0.013400097307817061,0.012244566980214077,0.9642393772299708
TGACA,0.9467426961097289,0.015961779793487594,0.026991920036987298,0.010303604059796129
GACAT,0.13536332933870793,0.8521625449395359,0.0037858154483059155,0.008688310273450267
ACATC,0.9217836948505078,0.05888916204920668,0.010533482100644868,0.00879366099964069
CATCT,0.020446191982220703,0.008051970253867852,0.019847850243610566,0.9516539875203008
ATCTG,0.026299588761112068,0.9582604841291339,0.003964638380654534,0.011475288729099462
TCTGA,0.005885186503864117,0.009299013550589565,0.01859802710117913,0.9662177728443672
CTGAG,0.02331990672037312,0.01452194191223235,0.9401985725390432,0.021959578828351353
TGAGG,0.9621533334433208,0.02052365004207018,0.008694504479237128,0.00862851203537195
GAGGA,0.041393730499697794,0.009523498374634497,0.9202182400313639,0.02886453109430387
AGGAC,0.019657983058973948,0.003292312609876938,0.9528368227585104,0.024212881572638643
GGACT,0.9629969674206382,0.020282113346131374,0.007150210054809003,0.009570709178421389
GACTC,0.02535141935130996,0.9470819887327026,0.006235300552425751,0.02133129136356178
ACTCT,0.05718877282424981,0.0027430661383724473,0.024743010722894903,0.9153251503144828
CTCTG,0.02768949453611389,0.9583786843136402,0.004723758108755279,0.009208063041490706
TCTGC,0.006179039301310044,0.00796943231441048,0.014694323144104803,0.9711572052401747
CTGCG,0.014676938649271776,0.00230557273800821,0.9533824439071023,0.029635044705617723
TGCGG,0.032479976413935435,0.9508132278512113,0.005798240872684389,0.010908554862168934
GCGGT,0.03501990422892748,0.02053885651647147,0.8961518490740207,0.04828939018058039
CGGTC,0.0199002121924643,0.0015484314962436198,0.9522280208751506,0.02632333543614154
GGTCT,0.008420609441608336,0.0062628282721962,0.014841324140834692,0.9704752381453607
GTCTA,0.019837918045885174,0.9449606209336834,0.011825134117109918,0.02337632690332154
TCTAT,0.005957713671385057,0.0035835871707579287,0.02591381472854327,0.9645448844293137
CTATT,0.9636808391550405,0.016418250792926886,0.004353324073882128,0.015547585978150459
TATTA,0.006832180621833547,0.013264941453467594,0.018057978935861592,0.9618448989888373
ATTAT,0.017341772151898735,0.005822784810126582,0.033417721518987344,0.9434177215189874
TTATT,0.9425742574257425,0.024876237623762378,0.009653465346534653,0.022896039603960396
TATTG,0.01090909090909091,0.051272727272727275,0.020363636363636365,0.9174545454545454
ATTGT,0.015283842794759825,0.00363901018922853,0.028384279475982533,0.9526928675400291
TTGTG,0.019385515727871252,0.006583760058522311,0.9608632040965618,0.013167520117044623
TGTGC,0.0082039832730881,0.011109929832022114,0.024044935856545466,0.9566411510383444
CATAT,0.019777375097074813,0.005073776857364742,0.031529899042195185,0.9436189490033653
ATATT,0.9594498458619872,0.022369773140463206,0.008932100229230891,0.00924828076831871
TTATG,0.9642700569925471,0.017536168347216132,0.00920648838228847,0.00898728627794827
TATGC,0.013268328807701802,0.013083189335966429,0.01894593927425327,0.9547025425820785
ATGCC,0.03152747394157766,0.003603139879037447,0.9433792304722687,0.021490155707116203
TGCCG,0.07393715341959335,0.8909426987060998,0.015051491946131503,0.020068655928175336
GCCGA,0.05714285714285714,0.9028571428571428,0.015584415584415584,0.024415584415584415
CCGAT,0.04025974025974026,0.007792207792207792,0.92,0.03194805194805195
CGATT,0.9448288760052366,0.030671404525902377,0.011969328595474098,0.012530390873386947
GATTC,0.024142029416134303,0.062100727975040855,0.023102065072054673,0.8906551775367701
ATTCA,0.025062013514669405,0.009408947053288855,0.018561286459669833,0.9469677529723719
TTCAG,0.0695970695970696,0.9089481946624803,0.005494505494505495,0.01596023024594453
TCAGT,0.9629370629370629,0.02097902097902098,0.01048951048951049,0.005594405594405594
CAGTG,0.05206385732777218,0.06342585934129152,0.8659571408025313,0.018553142528405005
AGTGA,0.021868166198063105,0.010309278350515464,0.016557325835676352,0.9512652296157451
GTGAA,0.06329583384843615,0.01260971689949314,0.892075658301397,0.03201879095067375
TGAAA,0.963308181683681,0.016866400355082113,0.013315579227696404,0.006509838733540465
GAAAG,0.9294117647058824,0.030866540164452876,0.02454142947501581,0.015180265654648957
AAAGA,0.9375796178343949,0.035668789808917196,0.015711252653927813,0.011040339702760084
AAGAC,0.037849203965154704,0.0045058576148993695,0.9223490537699008,0.03529588465004506
GACAG,0.02479916171847712,0.9570380719524973,0.006985679357317499,0.011177086971707998
ACAGA,0.9506081828234427,0.014375230372281608,0.018429782528566162,0.016586804275709546
CAGAT,0.02223553193082279,0.009358388859773902,0.9463202815003369,0.022085797709066407
AGATT,0.9137294394091977,0.05102383350117489,0.02014098690835851,0.015105740181268883
TTCAC,0.04266521423384168,0.9301924473493101,0.010620915032679739,0.016521423384168482
TCACC,0.9348777092861403,0.020083515609465103,0.021773712467687414,0.0232650626367071
CACCA,0.04830412416078124,0.9182143168541285,0.00985264626384166,0.023628912721248584
ACCAT,0.036170212765957444,0.9503829787234043,0.005531914893617021,0.007914893617021277
CCATC,0.9314841647691989,0.02355619954460774,0.03129786793624508,0.013661767749948251
ATCTC,0.038008306770984254,0.9390997778421714,0.006906210760166135,0.015985704626678258
TCTCC,0.0534565003407284,0.008480351328840766,0.03649579768304687,0.9015673506473839
CCAGA,0.9704105280582686,0.012539314682999503,0.010966727363019367,0.00608342989571263
CAGAG,0.03235858101629914,0.010906040268456376,0.9356423777564717,0.02109300095877277
AGAGA,0.904508229307466,0.050727518486125465,0.029736821181521825,0.015027431024886698
GAGAT,0.04770694306403521,0.005111458185432344,0.9179326991338919,0.029248899616640636
AGATG,0.9561232156273478,0.026446280991735537,0.007362885048835462,0.010067618332081142
GATGA,0.014711826044782151,0.013418478700185919,0.017217686524937353,0.9546520087300946
ATGAT,0.04694385897681548,0.00421536692853037,0.9153094462540716,0.033531327840582485
TGATT,0.9515974746508513,0.027740577769274917,0.007269944518844462,0.013392003061029271
TCAGA,0.9493041749502982,0.028330019880715707,0.012922465208747515,0.009443339960238568
CAGAA,0.020539994953318194,0.007166288165531163,0.9526116578349735,0.01968205904617714
AGAAA,0.9346519779669504,0.04406609914872309,0.010515773660490736,0.010766149223835753
AAAGC,0.9313863476425053,0.021815622800844477,0.028852920478536243,0.017945109078114006
AAGCA,0.037833190025795355,0.01117798796216681,0.9240470048724563,0.02694181713958154
AGCAT,0.029787234042553193,0.9476268412438625,0.009165302782324058,0.01342062193126023
GCATG,0.9600280504908836,0.015427769985974754,0.009817671809256662,0.014726507713884993
ATGCT,0.024339274738783036,0.009342347879532883,0.9450522433927474,0.021266133988936693
TGCTC,0.0625,0.9150326797385621,0.007352941176470588,0.01511437908496732
GCTCT,0.022478070175438597,0.02138157894736842,0.01918859649122807,0.9369517543859649
CTCTA,0.034654837815359024,0.9387302467424452,0.010812309398392015,0.015802606043803714
CTATC,0.9705807437595517,0.014263881813550688,0.008405501782985226,0.006749872643912379
TATCT,0.19336219336219337,0.01924001924001924,0.11527978194644861,0.6721180054513388
CTGCA,0.01938368775671246,0.004431135301377901,0.9150800234708536,0.06110515347105599
TGCAA,0.06908028800434723,0.9039532672191278,0.013992664040211928,0.012973780736313001
GCAAA,0.9718490083173384,0.015903482314230874,0.006032355360570332,0.006215154007860342
AAATG,0.9384109340441218,0.023875687631146145,0.029036465717688423,0.008676912607043612
ATGAA,0.015309877815398203,0.014573825997350213,0.9449433240100104,0.02517297217724128
TGAAC,0.9400906735751295,0.022506476683937824,0.028983160621761657,0.008419689119170985
GAACA,0.9049984791645544,0.03812227516982662,0.03447227010037514,0.02240697556524384
AACAA,0.01993852288776273,0.9655229708399102,0.005815402508930797,0.008723103763396195
ACAAC,0.9608010351114509,0.017879197788625536,0.012644827383402928,0.008674939716520613
CAACT,0.9290731928393383,0.026512576478585997,0.019487876727849535,0.02492635395422615
AACTT,0.01930279458369346,0.9579371938922501,0.005473926822241429,0.01728608470181504
ACTTG,0.017932489451476793,0.013713080168776372,0.023206751054852322,0.9451476793248945
CTTGA,0.02594810379241517,0.00998003992015968,0.017964071856287425,0.9461077844311377
TTGAA,0.014623000761614623,0.011728865194211728,0.950952018278751,0.022696115765422697
GAAAA,0.9278714229713838,0.04900039200313602,0.012152097216777734,0.01097608780870247
AAAAC,0.9332412523020258,0.02578268876611418,0.023480662983425413,0.017495395948434623
AAACT,0.9115138592750534,0.040245202558635396,0.02771855010660981,0.020522388059701493
AACTG,0.027877339705296694,0.9213460772600558,0.03424930306650737,0.01652727996814018
GGACA,0.9539939332659252,0.018975396022918773,0.01793056959892147,0.00910010111223458
GACAC,0.033478893740902474,0.9432314410480349,0.007256294944491516,0.016033370266571076
ACACA,0.9568956725702825,0.01492334364483122,0.015841180269911957,0.012339803514974334
AGCCA,0.03247773703509691,0.9490134450846865,0.006547930853850184,0.011960887026366334
GCCAT,0.05336012502790802,0.9094663987497209,0.012614422862246037,0.024559053360125028
CCATG,0.9652235628105039,0.006860657676839366,0.012538443340430565,0.015377336172226166
CATGT,0.010881801125703566,0.00900562851782364,0.013883677298311446,0.9662288930581614
ATGTA,0.0152426795026073,0.005615724027276374,0.952868030485359,0.02627356598475732
TGTAT,0.006140677335318198,0.004838109415705247,0.017305545217714925,0.9717156680312616
GTATT,0.9670540449057881,0.019519350107187184,0.006092745120162473,0.007333859866862236
ATTAC,0.007305872529919288,0.004476296502458484,0.024306521940810837,0.9639113090268114
TTACT,0.9105420553344028,0.024538054779870477,0.016715188243914998,0.04820470164181174
TACTG,0.017950805703357255,0.957641400465812,0.004260476037189222,0.020147317793641477
CTGTG,0.01614126642191814,0.04420643830213295,0.9210079189295792,0.018644376346369732
TGTGT,0.005699254712845244,0.00789127575624726,0.02367382726874178,0.9627356422621657
CTAGC,0.5889155034277691,0.009333443462459734,0.3901874948376972,0.011563558272074007
TAGCT,0.048417612659098726,0.029153766769865842,0.9137426900584795,0.0086859305125559
AGCTA,0.019930159270930926,0.9543480112426539,0.009368878289753853,0.01635295119666127
GCTAC,0.016144867459365116,0.0065997600087269554,0.015708519690193084,0.9615468528417148
CAACC,0.9459795776452073,0.02946235772060169,0.01343190718442338,0.011126157449767596
AACCA,0.020878704668118548,0.9367957579774643,0.004923776157560837,0.037401761196856356
ACCAG,0.05762244194067602,0.919429753966429,0.013290411588871004,0.009657392504023914
AAGGG,0.06687713420527028,0.011081760195863669,0.9025621201383073,0.019478985460558814
AGGGC,0.04569152207042216,0.006924578242386974,0.9218244525840174,0.02555944710317354
GGGCA,0.08308805494235957,0.009841795437821928,0.8883676723080697,0.018702477311748834
GGCAA,0.041464678801182965,0.9414006524589165,0.008872221714076648,0.008262447025823958
GCCAA,0.04178272980501393,0.9385329619312907,0.005942432683379758,0.013741875580315692
CCAAA,0.9512448132780082,0.02057399723374827,0.01625172890733057,0.011929460580912862
CAAAC,0.9137191854233655,0.05091103965702037,0.012861736334405145,0.022508038585209004
ACTGC,0.017696304849884527,0.016454965357967668,0.021651270207852194,0.9441974595842956
GCAGT,0.5861117498275465,0.011312945504713727,0.33805472522418945,0.06452057944355025
CAGTC,0.011577548132584365,0.0019724711633291882,0.9700270142789761,0.016422966425110416
AGTCA,0.060556464811783964,0.03600654664484452,0.016366612111292964,0.8870703764320785
GTCAC,0.07882882882882883,0.8716216216216216,0.009009009009009009,0.04054054054054054
TCACA,0.9238065128042997,0.030034777110338286,0.036041732532405946,0.010116977552956055
CACAT,0.0706771502624529,0.8998976324788186,0.009866486615991113,0.019558730642737353
CATCC,0.027224602974539956,0.008381648600957903,0.021174691202419965,0.9432190572220822
ATCCG,0.033542976939203356,0.949685534591195,0.006289308176100629,0.010482180293501049
TCCGC,0.06332435605275878,0.8993854015606657,0.0026931841723637872,0.034597058214211725
CCGCC,0.03153153153153153,0.0022522522522522522,0.8851351351351351,0.08108108108108109
CGCCA,0.06436781609195402,0.9039080459770115,0.008275862068965517,0.023448275862068966
GCCAG,0.02639957548421332,0.963120191032104,0.003183868400106129,0.007296365083576546
GCACT,0.9538018433179724,0.02108294930875576,0.010599078341013824,0.014516129032258065
CTGCC,0.020777451356069315,0.0035764465448971773,0.9463533018265423,0.029292800272491166
TGCCT,0.048832143289362216,0.9245431441365122,0.007140263826697325,0.019484448747428294
CATGG,0.008032374762401128,0.0054571095714022935,0.012631062603470477,0.973879453062726
ATGGA,0.008897438980401587,0.008957556811350246,0.9698809666947217,0.012264037513526511
TGGAG,0.020682582189049056,0.03994074411714432,0.9223406073727993,0.01703606632100735
GGAGC,0.9563144874192965,0.016894949616846677,0.013274603270379532,0.013515959693477343
GAGCT,0.018452842735232185,0.008533747090768037,0.9456389227529647,0.027374487421035133
CTAAA,0.9375250300360433,0.030036043251902282,0.023227873448137766,0.0092110532639167
TAAAT,0.932523051131601,0.041911148365465216,0.016764459346186086,0.008801341156747695
AAATA,0.9071358748778103,0.0469208211143695,0.029651352231997392,0.016291951775822745
AATAT,0.03309539260220636,0.011031797534068787,0.029526281635301754,0.9263465282284231
ATATG,0.9503150500981303,0.026236958991839684,0.012292118582791034,0.011155872327238922
TGCCC,0.06342494714587738,0.8604651162790697,0.007047216349541931,0.06906272022551092
GCCCC,0.05007292173067574,0.9105493437044239,0.01750121536217793,0.021876519202722412
CCCCG,0.08592964824120602,0.8763819095477386,0.0185929648241206,0.019095477386934675
CCCGA,0.05410821643286573,0.9298597194388778,0.006513026052104208,0.009519038076152305
CCGAA,0.01757910597689603,0.012054244098442994,0.9412355600200905,0.029131089904570567
CGAAA,0.9462025316455697,0.020042194092827006,0.016877637130801686,0.016877637130801686
GAAAT,0.9326086956521739,0.02826086956521739,0.029891304347826088,0.00923913043478261
AAATT,0.8990487879717705,0.038662166308683646,0.05001534212948757,0.0122737035900583
AATTC,0.015399083108028682,0.015163982602562595,0.024920653579405195,0.9445162807100035
ATTCC,0.03478863478863479,0.012058212058212059,0.021067221067221066,0.932085932085932
TTCCA,0.04569311515899969,0.9323865390552639,0.007100957085520223,0.014819388700216115
CCAGG,0.9338808170141082,0.03958728153295431,0.011791956201305537,0.014739945251631923
CAGGG,0.024166666666666666,0.01625,0.9425,0.017083333333333332
CCACT,0.9626783754116356,0.010153677277716796,0.01646542261251372,0.010702524698133918
CACTA,0.040474528960223306,0.8974180041870202,0.047685508257734356,0.014421958595022098
ACTAT,0.030828304991771804,0.011629182665935272,0.028085573230938014,0.929456939111355
CTATA,0.9519462624870824,0.028074405787116775,0.009817430244574578,0.010161901481226318
TATAA,0.016273732526601293,0.03546839140413102,0.022741498017942834,0.9255163780513248
ATAAC,0.9217297588576048,0.03785531456284521,0.02586555301091203,0.014549373568638018
TAACA,0.9348189415041783,0.0233983286908078,0.022284122562674095,0.019498607242339833
AACAG,0.027331189710610933,0.9526616648803145,0.010539478385137548,0.00946766702393712
GCAGA,0.9450751764344891,0.03260202516109236,0.011353175820803928,0.010969622583614606
CAGAC,0.03417427088924673,0.006381582871115883,0.9370191447486134,0.022425001491024034
TCCAA,0.037254354102635744,0.9464468659774611,0.0072645990500139705,0.009034180869889169
CCAAC,0.9577391755250194,0.021778584392014518,0.01011148561057817,0.010370754472387866
CAACA,0.9445731303772337,0.026472534745201854,0.01643503198764615,0.012519302889918376
AACAC,0.027448432678252397,0.9553353906123112,0.004222835796654215,0.0129933409127822
CTACC,0.9446064139941691,0.0237839496700936,0.009973914377781187,0.021635721957956114
TACCT,0.03239623082314461,0.9048360719570127,0.009890195467642707,0.05287750175219998
ACCTG,0.043839490896234755,0.9248718401979849,0.005921866713805905,0.025366802191974545
CCTGC,0.01621867881548975,0.007289293849658315,0.01539863325740319,0.9610933940774488
GCCGT,0.04520631067961165,0.9208131067961165,0.00849514563106796,0.025485436893203883
CCGTC,0.028963414634146343,0.0022865853658536584,0.9272103658536586,0.041539634146341466
CGTCT,0.02304964539007092,0.012411347517730497,0.02624113475177305,0.9382978723404255
AACCC,0.03699059561128527,0.9253918495297806,0.006520376175548589,0.03109717868338558
ACCCA,0.04815293948541038,0.9327296248382924,0.007330746011211729,0.011786689665085526
CCCAT,0.046151463527954156,0.9423881059315472,0.0040266377574725105,0.007433792783026173
TCTCT,0.025241418873697293,0.0180705612391242,0.02724925901137776,0.9294387608758008
CTCTC,0.08012636415852958,0.8885697874784606,0.008902929350947731,0.022400919012062034
TCTCA,0.04314720812182741,0.01328754852194685,0.025082114063899673,0.9184831292923261
CTCAA,0.03497697521601904,0.938893775547162,0.013297459512598956,0.012831789724220003
TCAAA,0.957502685925749,0.02274083800883371,0.011937447773665991,0.007819028291751224
CAAAA,0.9102661959736666,0.025760900677416276,0.05438412365232325,0.009588779696593837
AAAAA,0.9056454170631145,0.05026958452267682,0.02394544877894069,0.020139549635267998
AAAAT,0.9033866118056655,0.025636967874663713,0.02579522076277892,0.04518119955689191
AATCG,0.025649794801641587,0.0338577291381669,0.05232558139534884,0.8881668946648427
ATCGA,0.08335633452939553,0.8799337565553409,0.01683687551752691,0.019873033397736682
TCGAA,0.02988121752041574,0.016146993318485525,0.9261321455085375,0.02783964365256125
CGAAT,0.9358922008983258,0.03736218864842793,0.017354022049816252,0.009391588403429971
GAATC,0.9534408821727588,0.015519705942413723,0.014907085971002655,0.01613232591382479
AATCT,0.032082794307891335,0.019922380336351877,0.021604139715394568,0.9263906856403622
TCCAT,0.03150145523026879,0.6464646464646465,0.009587399417907892,0.31244649888717685
CATCA,0.02337325061318713,0.016447843024094647,0.018034915596595008,0.9421439907661232
ATCAC,0.030203442879499217,0.952112676056338,0.007668231611893584,0.01001564945226917
TCACT,0.919383371240839,0.022365428354814254,0.03816022239070003,0.0200909780136467
CACTC,0.03118459606529929,0.9497697781498535,0.004185851820845542,0.014859773964001675
ACTCG,0.03762376237623762,0.05577557755775578,0.03498349834983498,0.8716171617161717
CTCGT,0.07568493150684931,0.8952054794520548,0.014041095890410958,0.015068493150684932
TCGTG,0.03460089071599863,0.02774922918807811,0.8972250770811921,0.04042480301473107
CGTGA,0.01926326461642447,0.02331868874619804,0.034809057113889826,0.9226089895234877
GTGAC,0.02737842230278785,0.009626203275409426,0.9289911238904863,0.034004250531316414
ATCTA,0.025303643724696356,0.9475708502024291,0.005364372469635627,0.021761133603238867
TCTAA,0.01651073197578426,0.35754907356448357,0.015960374243258118,0.609979820216474
CTAAG,0.9436028897692845,0.018061058028431602,0.01642973665812165,0.0219063155441622
TAAGA,0.9542591978786874,0.03082532316871064,0.006629101756711966,0.008286377195889956
AAGAA,0.016467065868263474,0.016812528788576694,0.9503684937816674,0.0163519115614924
AGAAC,0.9597681159420289,0.014608695652173913,0.013333333333333334,0.012289855072463768
GAACC,0.9350366409189939,0.038027332144979206,0.012081600316894434,0.014854426619132501
CCAGT,0.9391974767828982,0.0343437883301209,0.010863851410548448,0.015594883476432451
CAGTT,0.019494364910143162,0.01979896436186415,0.9381663113006397,0.02254035942735303
AGTTT,0.023013112122023012,0.010168584426010168,0.020604763179020606,0.9462135402729462
GTTTT,0.0286096256684492,0.020320855614973262,0.018449197860962566,0.932620320855615
TTTTT,0.012180974477958236,0.027262180974477957,0.030162412993039442,0.9303944315545244
TTTTC,0.02551913935451589,0.0360270202651989,0.019014260695521642,0.9194395796847635
TTTCC,0.043684388757196074,0.025397900440230273,0.029800203183203523,0.9011175076193702
TTCCT,0.022433132010353754,0.9578454332552693,0.00875138666337976,0.010970048070997164
TCCTG,0.02809662497858489,0.9635086517046428,0.0022271714922048997,0.006167551824567415
CTGAA,0.03527860204418068,0.008770194526871085,0.9303659742828883,0.025585229146060005
TGAAG,0.856142584341184,0.10699612290955385,0.027486835252589548,0.009374457496672647
AGTTG,0.008116883116883116,0.008319805194805194,0.011972402597402598,0.9715909090909091
GTTGA,0.011966701352757543,0.008324661810613945,0.01404786680541103,0.9656607700312175
TGAAT,0.9640287769784173,0.018454801376290273,0.009540193931811073,0.00797622771348139
GAATT,0.9591589162959968,0.013883272678258526,0.013613694568001078,0.01334411645774363
ATTCT,0.009748050389922016,0.007498500299940012,0.014397120575884824,0.9683563287342531
TTCTG,0.018056400892676,0.9510245485899776,0.006735646175694867,0.024183404341651452
TCTGT,0.007713810551643608,0.005732281235625066,0.029121404055058208,0.9574325041576731
TGTGA,0.020619527351473495,0.010827605686846813,0.020996139723189908,0.9475567272384898
GACTA,0.026124276917335324,0.955215525284568,0.003358835603657399,0.01530136219443926
CTACT,0.9456975061707379,0.0245127244871904,0.016001361818027065,0.0137884075240446
ACATA,0.950175512128674,0.02415256457274585,0.009116152355006025,0.01655577094357416
CTTAC,0.23386673662119623,0.007214060860440714,0.022691500524658972,0.7362277019937041
TACTA,0.023876207814031648,0.8033188629043552,0.11588012883349672,0.056924800448116514
AGTCT,0.012922948655596471,0.00910164663378031,0.022962551240186202,0.9550128534704371
TATTT,0.009095562468008033,0.014844272945623498,0.03488601015868016,0.9411741544276883
ATTTC,0.00910773426845899,0.00530878628482369,0.040765634132086496,0.9448178453146309
TTTCT,0.10141297670242427,0.013184632106233165,0.04059354472851,0.8448088464628326
GAATA,0.9057187017001546,0.04791344667697063,0.01854714064914992,0.027820710973724884
GCCTC,0.05088495575221239,0.9048672566371682,0.01991150442477876,0.024336283185840708
CCTCG,0.04585152838427948,0.010917030567685589,0.008733624454148471,0.9344978165938864
CTCGA,0.05488297013720742,0.9184826472962067,0.00645682001614205,0.020177562550443905
CGAAG,0.9585635359116023,0.017955801104972375,0.013121546961325966,0.010359116022099447
GTTCC,0.037554934079105075,0.014382740711146624,0.024770275669196963,0.9232920495405513
TGTAC,0.014246397927796665,0.011494252873563218,0.012627489072365225,0.9616318601262749
TAAGT,0.7733688415446072,0.024766977363515314,0.1970705725699068,0.004793608521970706
AAGTA,0.031073446327683617,0.02851762173796072,0.8962873284907183,0.044121603443637344
AGTAC,0.03274103323461665,0.017110891740704178,0.028627838104639685,0.9215202369200395
GTACA,0.9586197021764032,0.020761741122565864,0.0104524627720504,0.010166093928980527
ACATT,0.9358523725834798,0.029437609841827767,0.02544336155935453,0.009266656015337913
CATTG,0.015144853192632762,0.021398211930235965,0.01919976549904734,0.9442571693780839
ATTGA,0.00988161160970021,0.009404239068168799,0.013843803704410922,0.9668703456177201
TTGAC,0.03552923760177646,0.014341228719467062,0.9240840118430792,0.026045521835677276
TCAAC,0.9678779610566787,0.019719707304973334,0.0068212824010914054,0.005581049237256604
TAAAC,0.7100977198697068,0.021579804560260585,0.2495928338762215,0.018729641693811076
CTATG,0.9586086956521739,0.017739130434782608,0.012521739130434783,0.011130434782608696
TGCAC,0.045535396655994306,0.9046602632515119,0.004980434009249377,0.044823906083244394
GCACC,0.9228171731789677,0.03859141341051616,0.015436565364206465,0.023154848046309694
TAAAG,0.9439862542955326,0.024398625429553265,0.022336769759450172,0.009278350515463918
AAAGG,0.939198970564581,0.029435419012385396,0.017210873411613318,0.0141547370114203
AAGGA,0.03582554517133956,0.019003115264797508,0.9238317757009346,0.02133956386292835
AGGAT,0.0441306266548985,0.004192409532215357,0.9221094439541041,0.029567519858781994
GGATA,0.9285208775654635,0.0435244161358811,0.01167728237791932,0.01627742392073602
GATAA,0.01466414380321665,0.01466414380321665,0.022232734153263954,0.9484389782403028
ATAAA,0.9516483516483516,0.024175824175824177,0.017582417582417582,0.006593406593406593
TTCAT,0.03862660944206009,0.9394372913686219,0.00619933237958989,0.015736766809728183
TCATC,0.9513439945559714,0.02041510717931269,0.01497107859816264,0.013269819666553249
ATCAT,0.03578663065496286,0.950033760972316,0.004726536124240378,0.009453072248480757
GAGAC,0.05012376237623763,0.005878712871287129,0.916769801980198,0.027227722772277228
CAACG,0.9562798092209857,0.025039745627980923,0.01232114467408585,0.006359300476947536
AACGC,0.034023668639053255,0.9541420118343196,0.005917159763313609,0.005917159763313609
ACGCC,0.03779527559055118,0.004724409448818898,0.9322834645669291,0.025196850393700787
AATAC,0.014124293785310734,0.029661016949152543,0.03248587570621469,0.923728813559322
ATACG,0.9589905362776026,0.012618296529968454,0.00946372239747634,0.01892744479495268
TACGC,0.03815113719735877,0.9515774027879678,0.00293470286133529,0.007336757153338224
ACGCT,0.014173228346456693,0.028346456692913385,0.9464566929133859,0.011023622047244094
CGCTG,0.050473186119873815,0.9416403785488959,0.0031545741324921135,0.00473186119873817
GCTGT,0.011784511784511785,0.010662177328843996,0.030303030303030304,0.9472502805836139
GTACC,0.806060606060606,0.021933621933621934,0.011255411255411256,0.16075036075036075
TGAGC,0.9261875331096592,0.02931308493731238,0.03284478191771146,0.01165460003531697
CAAAG,0.9424015619915392,0.03514480963228116,0.01269118125610153,0.009762447120078099
AAAGT,0.9469418449197861,0.02347927807486631,0.015457887700534759,0.014120989304812833
AAGTG,0.06436420722135008,0.007849293563579277,0.9183673469387755,0.009419152276295133
GTGAG,0.0074962518740629685,0.010494752623688156,0.9490254872563718,0.03298350824587706
AGATC,0.9373137749255099,0.029566811826724732,0.01317900527160211,0.01994040797616319
GATCT,0.03479576399394856,0.01361573373676248,0.059001512859304085,0.8925869894099848
AGCCC,0.06259541984732825,0.8938931297709923,0.026717557251908396,0.016793893129770993
GCCCT,0.034735812133072405,0.9227005870841487,0.018101761252446183,0.02446183953033268
CCCTT,0.08860759493670886,0.8164556962025317,0.020569620253164556,0.07436708860759493
CCTTT,0.038202247191011236,0.014606741573033709,0.043820224719101124,0.903370786516854
CTTTA,0.022914757103574702,0.008249312557286892,0.021081576535288724,0.9477543538038496
TTTAT,0.00993217054263566,0.007267441860465116,0.02252906976744186,0.9602713178294574
AACAT,0.03700600474794023,0.9427454266163944,0.005446166736489317,0.014802401899176093
TGCTG,0.06367746797287113,0.916980658126099,0.008666164280331574,0.010675709620698318
GCTGA,0.020656028368794325,0.013829787234042552,0.017553191489361703,0.9479609929078014
CTGAT,0.023959426372857643,0.002973067506121021,0.9491080797481637,0.023959426372857643
TGATG,0.9571902848156562,0.025685829110606326,0.008387209505504107,0.008736676568233443
ATGAC,0.01948792370685187,0.004353685083445631,0.9561521716595833,0.02000621955011921
GACTT,0.032725496580918265,0.9420384239661348,0.013676326929338978,0.011559752523607945
ACTTC,0.029872389791183295,0.01131090487238979,0.03219257540603248,0.9266241299303944
CTTCA,0.017919750681729647,0.010258407998961173,0.021945201921828333,0.9498766393974808
AGGGA,0.043543845534995976,0.00995575221238938,0.9124094931617055,0.03409090909090909
GGGAC,0.036717704771815074,0.012635647391110451,0.909915266835142,0.040731381001932514
GGACG,0.9107541276215975,0.048936486687490705,0.02127026625018593,0.019039119440725866
GACGG,0.04865771812080537,0.9312080536912751,0.006152125279642058,0.013982102908277404
ACGGT,0.02494802494802495,0.009207009207009207,0.9345114345114345,0.03133353133353133
CGGTT,0.012246510402949697,0.009744535159336319,0.9603634448248617,0.017645509612852252
GGTTT,0.012942576614102946,0.0037191312109491224,0.025438857482891996,0.957899434692056
GTTTG,0.0069578090303478906,0.005625462620281273,0.01983715766099186,0.967579570688379
TTTGC,0.0085376360930524,0.03767525652071747,0.017388579932638835,0.9363985274535913
TTGCC,0.028084105278635495,0.008381120423467137,0.9283928833995001,0.035141890898397296
GCCTT,0.024363536819052834,0.9648234327949631,0.0026006022447303584,0.008212428141253765
CCTTC,0.015276321701362887,0.01213119664519994,0.015725625280814736,0.9568668563726225
CTTCT,0.010463800904977375,0.010605203619909503,0.014847285067873302,0.9640837104072398
TTCTC,0.050347747202902936,0.9309041427275476,0.006350166313879649,0.012397943755669792
CTCTT,0.02702287732227852,0.9577767541839398,0.004759711346537694,0.010440657147243973
TCTTT,0.025744503200667967,0.0324241580851656,0.040773726690787646,0.9010576120233788
CTTTG,0.027802557240559026,0.007136485280999108,0.09128754088611359,0.8737734165923283
TTTGG,0.01563663440059568,0.013253909158600148,0.02278481012658228,0.9483246463142219
TTGGA,0.02997952617724481,0.019596373208540508,0.9102076630593741,0.0402164375548406
TGGAA,0.033243274991189946,0.008340185598496417,0.9251732644191237,0.033243274991189946
GGAAA,0.9114414996767938,0.051583710407239816,0.021331609566903685,0.015643180349062702
GAAAC,0.8979134574989497,0.0614759837557765,0.025486626522895954,0.015123932222377819
AAACC,0.9072939544561323,0.04461911917697376,0.022656340307478904,0.025430586059415096
AACCT,0.034992501606798544,0.9480111404698993,0.006427194172677284,0.010569163750624866
ACCTC,0.035854432080847175,0.9479116271569101,0.005590496156533892,0.010643444605708756
CCTCT,0.028192965183925535,0.009666159491631613,0.0290879799516692,0.9330528953727737
TGCCA,0.03639748363076133,0.9458210296572089,0.007253819489022981,0.010527667223006805
CCTAT,0.01513223023617593,0.00975816716164616,0.025738933672747842,0.9493706689294301
ATTTG,0.0740924092409241,0.007920792079207921,0.01353135313531353,0.9044554455445545
TTGCA,0.07499585199933632,0.0077982412477186,0.8969636635141862,0.02024224323875892
GATCA,0.01686363032797769,0.006506440047802417,0.024299561811180453,0.9523303678130395
ATCAA,0.04890353134973747,0.925460722742716,0.011427983115412333,0.014207762792134253
CCTCA,0.02887951242381622,0.01256446319737459,0.02747304266291608,0.9310829817158931
ACACG,0.9505817440326256,0.013673983447283196,0.015473191795609931,0.02027108072448123
CACGG,0.019671344608372315,0.970732877533885,0.0017992083483267362,0.007796569509415857
ACGGC,0.01043338683788122,0.007911029580371475,0.934991974317817,0.04666360926393029
CGGCT,0.017158544955387784,0.0038892701898878973,0.9486387554335393,0.030313429421185083
GGCTA,0.030271398747390398,0.8921861019982106,0.06412168207575306,0.013420817178645988
CATTA,0.024868123587038434,0.013187641296156745,0.030519969856819894,0.9314242652599849
ATGCG,0.027247956403269755,0.0035033086804203972,0.935383417672246,0.03386531724406384
GCGGA,0.04011936339522546,0.016909814323607428,0.8935676392572944,0.04940318302387268
CGGAG,0.028911168104453253,0.00559570995570063,0.9319188622056424,0.033574259734203776
GGAGT,0.8836223506743738,0.04161849710982659,0.048554913294797684,0.026204238921001925
GAGTC,0.029534934979061053,0.013445007714348688,0.9255014326647565,0.03151862464183381
GTCTG,0.0957689606741573,0.8828125,0.007110252808988764,0.014308286516853933
GGGAG,0.02620221948212084,0.027127003699136867,0.9167694204685574,0.029901356350184958
GGAGG,0.9314622737441529,0.017693715680292862,0.03213341468375026,0.018710595891803947
GAGGT,0.043248730964467005,0.013401015228426396,0.9092385786802031,0.03411167512690355
AGGTT,0.03697996918335902,0.017873651771956857,0.9204930662557781,0.02465331278890601
GGTTC,0.019436345966958212,0.004616132167152575,0.017735665694849367,0.9582118561710399
AAAAG,0.9375,0.029616357504215853,0.019919898819561552,0.012963743676222597
AGTAG,0.01031487513572204,0.03528773072747014,0.028501628664495113,0.9258957654723127
GTAGT,0.9186189889025894,0.03020961775585697,0.023736128236744758,0.027435265104808877
TAGTG,0.03715170278637771,0.031578947368421054,0.8894736842105263,0.04179566563467492
AGTGT,0.009339669015238408,0.02212026872030149,0.021464853350811077,0.947075208913649
GTGTC,0.048890063424947144,0.010835095137420718,0.9093551797040169,0.03091966173361522
TGTCT,0.017827868852459017,0.013114754098360656,0.019057377049180327,0.95
TCTAC,0.02217371323529412,0.031939338235294115,0.017578125,0.9283088235294118
ACTTA,0.019510170195101702,0.016811955168119553,0.032586135325861354,0.9310917393109174
CTTAA,0.014829322887520984,0.01706771124790151,0.012311135982092894,0.9557918298824846
TTAAG,0.9120762711864406,0.03840042372881356,0.03177966101694915,0.01774364406779661
TAAGG,0.9482288828337875,0.016738030362008563,0.026080186843129623,0.008952899961074349
GGGCT,0.04633956386292835,0.0027258566978193145,0.9232866043613707,0.02764797507788162
GGCTG,0.053654743390357695,0.9257387247278382,0.00583203732503888,0.014774494556765163
GAAGA,0.9256386861313869,0.030109489051094892,0.022468065693430656,0.02178375912408759
ACTGG,0.009285051067780872,0.010523057876818322,0.01640359021974621,0.9637883008356546
CTGGA,0.028737389177621524,0.007337205747477835,0.9079792112503822,0.05594619382451849
GGAAT,0.9383104125736739,0.01807465618860511,0.02082514734774067,0.022789783889980354
AATTT,0.01053864168618267,0.01405152224824356,0.01912568306010929,0.9562841530054644
