kmer,A,C,G,T
TCTGG,0.0007199424046076314,0.004175665946724262,0.009143268538516918,0.9859611231101512
CTGGG,0.0019055778775703143,0.0011374379579295675,0.9809442212242968,0.016012762940203262
TGGGG,0.001943634596695821,0.009202815325264305,0.9840680861089024,0.004785463969137439
GGGGC,0.0016197938812286137,0.0027941444451193586,0.9808459373544717,0.014740124319180384
GGGCA,0.0021570319240724763,0.003451251078515962,0.99137187230371,0.0030198446937014668
GGCAC,0.021636138688554272,0.9515978152629831,0.01255318506895199,0.014212860979510546
GCACA,0.9168106427090532,0.022028334485141673,0.054941257774706286,0.006219765031098825
CACAG,0.021065974527675498,0.9687933844389449,0.0017202873181626124,0.008420353715216997
ACAGG,0.9598618903754855,0.003711696158826068,0.0023305999136814847,0.03409581355200691
CAGGG,0.0025897790055248618,0.0010359116022099447,0.9895545580110497,0.0068197513812154695
AGGGA,0.00312735899924512,0.00517631834357813,0.9882813904166218,0.0034149322405550163
GGGAC,0.01247393773815515,0.010281112948450643,0.9694442447336257,0.007800704579768495
GGACC,0.9841146507813174,0.0086333419666753,0.003108003108003108,0.004144004144004144
GACCA,0.003539670206336873,0.9838556505223172,0.004230337563670897,0.00837434170767504
ACCAC,0.005220750218788665,0.9713613181639859,0.006216615867459335,0.017201315749766122
CCACG,0.9742704196166465,0.00880676912450354,0.00509411155240891,0.011828699706441029
CACGG,0.0014675414364640883,0.9890366022099447,0.0005179558011049724,0.008977900552486187
ACGGT,0.01683211048769961,0.0010358221838584376,0.9553733275787657,0.026758739749676307
CGGTC,0.0011222375690607734,0.01156767955801105,0.9806629834254144,0.0066470994475138125
GGTCA,0.0005814454302696184,0.008915496597467482,0.0038763028684641225,0.9866267551037988
GTCAC,0.0029286360308368145,0.9943365347344847,0.0015935225461906199,0.0011413066884878762
TCACC,0.98923983578334,0.0026817640047675805,0.007316911667328831,0.0007614885445636339
CACCG,0.0041390728476821195,0.9859933774834437,0.0016556291390728477,0.008211920529801325
ACCGT,0.019573425183811353,0.9752268662648208,0.0003311916274756574,0.004868516923892164
CCGTC,0.0012920752716671085,0.0018221574344023323,0.9921481579644845,0.0047376093294460644
CGTCT,0.0002982502651113468,0.00338016967126193,0.0032807529162248144,0.9930408271474019
GTCTC,0.0037850893988040884,0.9929600282777107,0.0009278623818080061,0.002327019941677222
TCTCC,0.0016498767445020284,0.001455773598090025,0.005104912750635688,0.9917894369067722
CTCCT,0.0018529715812674325,0.9963525717295052,0.0007411886325069731,0.0010532680567204354
TCCTC,0.0057161003493172435,0.9868807557954906,0.0008335979676087646,0.00656954588758336
CCTCA,0.006018816104715713,0.003228539706655759,0.01507625781569567,0.9756763863729329
CTCAG,0.0006041138680968939,0.9969941651441032,0.00011787587670183298,0.0022838451110980137
ACTGG,0.0008263126695288222,0.0010418724963624278,0.01375990227954517,0.9843719125545636
GGGGT,0.0020857845758904697,0.0017114129853460264,0.9819232003422826,0.014279602096480907
GGGTC,0.0010731340881043087,0.0024145516982346945,0.9941514192198315,0.002360894993829479
GTCAA,0.022020516676513238,0.9704602825071164,0.003061388903807938,0.004457811912562436
TCAAG,0.9859865771812081,0.011221476510067115,0.002040268456375839,0.0007516778523489933
CAAGG,0.986475467952354,0.004130034032898468,0.00872093023255814,0.0006735677821894498
AAGGA,0.003757985719654265,0.0010737102056155043,0.9865249369195255,0.00864336715520481
AGGAA,0.0009663391850539539,0.002737961024319536,0.9945240779513609,0.0017716218392655823
GGAAC,0.9540988887099372,0.02244054329736404,0.020937349009502334,0.002523218983196435
GAACC,0.9773984001717936,0.010576045525312718,0.004616953884146669,0.00740860041874698
AACCT,0.002630307584948199,0.9853454291695743,0.00418702023726448,0.007837243008213
ACCTC,0.0044017392237908634,0.9758977937624135,0.006709968328949488,0.012990498684846207
TCAGT,0.9783670621074668,0.0023619088517902198,0.011433786032529926,0.007837243008213
CAGTC,0.0004729780189689079,0.004679993029797615,0.9906649075203505,0.004182121430882976
AGTCA,0.0012348330290991088,0.004295071405562118,0.003758187479866853,0.9907119080854719
GGGCC,0.001508215807160056,0.0037837694811208426,0.9925383007435239,0.0021697139681951683
GGCCA,0.0037045857479294014,0.9778254081659654,0.0018522928739647007,0.016617713212140457
GCCAA,0.021410046048801142,0.9712591965278146,0.0024347641983803524,0.00489599322500397
CCAAG,0.9868501124487367,0.009313401243550734,0.002804603783569255,0.0010318825241434051
AAGGC,0.003154135163968644,0.0012523771974581382,0.9877081497286516,0.007885337909921611
AGGCA,0.001762768474277497,0.002087488982697036,0.9948044718652874,0.0013452706777380898
GCACC,0.9690587744120239,0.006772742032750383,0.003618314236674862,0.020550169318550818
CACCA,0.003664702880734796,0.9847381361042816,0.004035812033214269,0.007561348981769263
CCACT,0.974669450243563,0.011366272326606355,0.0029691486893992113,0.010995128740431454
CACTC,0.0016236778623121173,0.9912321395435145,0.0005102987567266654,0.00663388383744665
ACTCT,0.007778600910149222,0.006826119166049318,0.021166260979997884,0.9642290189438035
CTCTC,0.003664872889218779,0.9787066246056783,0.014241974392280572,0.003386528112822416
TCTCA,0.000695926510160527,0.003850793356221583,0.0044075345643500045,0.9910457455692678
CTCAC,0.0015310383223531595,0.9972626890600352,0.0006495314094831586,0.0005567412081284216
TCACA,0.9802802524127692,0.004129547141796585,0.013827023014105419,0.001763177431328879
ACAGT,0.9659349329372998,0.028449436116396713,0.0006497424235392398,0.00496588852276419
AGTCT,0.0003714192859464228,0.0035749106272343193,0.002646362412368262,0.993407307674451
AAGGG,0.002833210150283321,0.0007390983000739098,0.9889135254988913,0.007514166050751417
GGACT,0.9822627332635339,0.008437519246166163,0.004619079879288046,0.004680667611011886
GACTC,0.0034487005788890255,0.9837418401280946,0.0031407808843453627,0.009668678408671019
CTCTG,0.012621329115886749,0.9803702670015816,0.0022947871119794088,0.004713616770552299
CTGGT,0.011397942209352474,0.001478651962294375,0.9703653502556836,0.016758055572669583
TGGTC,0.0033269669151623437,0.004435955886883125,0.9881091738032161,0.004127903394738464
TCACT,0.985517071366942,0.0025884383088869713,0.009552569949463824,0.00234192037470726
CACTG,0.0030805249214466146,0.9908816462325181,0.0009241574764339844,0.00511367136960138
ACTGT,0.004374614910659273,0.007208872458410351,0.006715958102279729,0.9817005545286507
CTGTC,0.0003081094404732561,0.0014789253142716292,0.9951934927286172,0.0030194725166379096
TGTCT,0.00030822340032055236,0.0014794723215386513,0.002465787202564419,0.9957465170755764
TCTCT,0.0007449251970947918,0.0005586938978210938,0.0038487801849897574,0.9948476007200944
TCTGC,0.006782263740482437,0.00716616546164182,0.0035190991106276793,0.9825324716872481
CTGCA,0.0073652926734720245,0.0020028427445406382,0.9638196149373304,0.026812249644656932
TGCAG,0.0,1.0,0.0,0.0
CTACT,1.0,0.0,0.0,0.0
GCTGG,0.0,0.0,0.0,1.0
AATGG,0.0,0.0,0.0,1.0
ATGGG,0.0,0.0,1.0,0.0
ATTGG,0.0,0.0,0.0,1.0
TTGGG,0.0,0.0,1.0,0.0
TATGG,0.0,0.0,0.0,1.0
GTTGG,0.0,0.0,0.0,1.0
CCTGG,0.0,0.0,0.0,1.0
CTTGG,0.0,0.0,0.0,1.0
CGGGG,0.0,0.0,1.0,0.0
GGGGG,0.0,0.0,1.0,0.0
TACGG,0.0,1.0,0.0,0.0
ACGGG,0.0,0.0,1.0,0.0
AGGGG,0.0,0.0,1.0,0.0
CATGG,0.0,0.0,0.0,1.0
GACGG,0.0,1.0,0.0,0.0
AGTGG,0.0,0.0,0.0,1.0
GTGGG,0.0,0.0,1.0,0.0
CTAGG,1.0,0.0,0.0,0.0
TAGGG,0.0,0.0,1.0,0.0
GTAGG,1.0,0.0,0.0,0.0
