kmer,A,C,G,T
CAGGT,0.02211762555408308,0.01444043321299639,0.9292144587122424,0.03422748252067815
AGGTC,0.0238367571029876,0.01733998261426545,0.8943130347257172,0.06451022555702979
GGTCC,0.03471882640586797,0.024645476772616137,0.045835370823145885,0.89480032599837
GTCCA,0.04470148280210462,0.8504587554898465,0.01739357307474888,0.08744618863329999
TCCAA,0.03845561431431945,0.9318683575499307,0.009395697489346409,0.02028033064640345
CCAAC,0.9438067910090866,0.029491471385302087,0.011637175195281365,0.015064562410329985
CAACT,0.9183419127607695,0.03375778921701436,0.026225955025738282,0.02167434299647792
AACTG,0.039805244725377976,0.9094985905868284,0.030985735030323737,0.01971042965746989
ACTGC,0.018598743450747354,0.017124452811358843,0.025902152464333507,0.9383746512735603
CTGCA,0.018109197508244777,0.0154049102235251,0.9192671308171492,0.04721876145108098
TGCAG,0.03865409918818944,0.9038819605928451,0.028856100164679207,0.02860784005428621
GCAGC,0.9446324675818535,0.024831729855116554,0.015638666007529375,0.014897136555500628
CAGCA,0.030581401602753723,0.01214435540257086,0.9345775291776475,0.022696713817027914
AGCAG,0.03342028737598358,0.9370937393089291,0.014860588436537803,0.014625384878549436
CAGCC,0.06318404441536857,0.006665841540392878,0.904423855579327,0.025726258464911504
AGCCT,0.04232590293085682,0.9179242698944787,0.015449932826379015,0.02429989434828544
GCCTG,0.040821825011931705,0.9210121164534356,0.015172509352916724,0.02299354918171601
CCTGG,0.018263956739187216,0.01804146150348737,0.04831048726456618,0.9153840944927593
CTGGG,0.015437743459402712,0.006359643064342349,0.9463712462358759,0.031831367240379035
TGGGA,0.027014329339910735,0.012802443035001174,0.9257693211181584,0.03441390650692976
GGGAC,0.019327852300591374,0.011370738977835472,0.9495168036924853,0.019784605029087937
GGACT,0.9481929772702522,0.024736686528618324,0.01493535790407144,0.012134978297058046
GACTG,0.033265639486115404,0.9482142068782835,0.006489779700675467,0.01203037393492561
ACTGA,0.011412708204811845,0.014154499965727603,0.01908972513537597,0.9553430666940845
CTGAA,0.03031189342976415,0.013480815762184583,0.9221728841500705,0.034034406657980805
TGAAC,0.7527989731155958,0.19742565784782143,0.03319546459388148,0.016579904442701278
GAACT,0.8787931712002794,0.035104571453521374,0.06527529144653539,0.0208269658996638
ACTGG,0.015229458212805878,0.010992103823000548,0.028285513251504964,0.9454929247126886
CTGGT,0.016188989256904946,0.08150254637374076,0.8735362997658079,0.028772164603546337
TGGTG,0.01713885183259095,0.011079205010513939,0.9347909647952608,0.03699097836163429
GGTGA,0.018156180756059893,0.010313570133619821,0.04347008661787417,0.9280601624924462
GTGAA,0.03814620371164902,0.0143145774664368,0.9077314320038068,0.03980778681810736
TGAAG,0.905427428155693,0.05148781375045471,0.020618406693343035,0.022466351400509278
GAAGC,0.8614581842600645,0.03140721496273627,0.08987329230836975,0.017261308468829468
AAGCC,0.020076824583866837,0.013060179257362355,0.9397183098591549,0.02714468629961588
TGGGG,0.009454497663071602,0.01191053137398247,0.9610238128485884,0.01761115811435753
GGGGC,0.034373118603251054,0.00954808850090307,0.9265502709211318,0.029528521974714027
GGGCT,0.045699619035319945,0.05117195066830245,0.8681313359591916,0.03499709433718603
GGCTT,0.03444624175210343,0.9226937892029652,0.021331067949866753,0.021528901095064643
GCTTC,0.017861150815682847,0.02939057091892786,0.0483503242649404,0.9043979540004489
CTTCA,0.018473664764563406,0.019828400180631388,0.03312943881111704,0.9285684962436882
TTCAG,0.039042797631279075,0.9296482412060302,0.014290784778913154,0.017018176383777624
TCAGT,0.9381321767984748,0.031959948188790735,0.016678552196882596,0.013229322815851902
CAGTG,0.02969777161699536,0.019805515300443156,0.9216810534937937,0.028815659588767775
AGTGA,0.017686914047112583,0.014614354368549595,0.0491412589616324,0.9185574726227054
AAGCT,0.040719487971750165,0.021021849481350694,0.8964356654160229,0.041822997130876186
AGCTG,0.03608813495957755,0.9056264311416421,0.024054862376746578,0.03423057152203374
GCTGT,0.018025217545729,0.022642514651038892,0.05824897886698632,0.9010832889362458
CTGTC,0.009359251259899209,0.009301655867530598,0.9463498920086393,0.03498920086393088
TGTCC,0.018944044904402737,0.025609542185581476,0.03416067356604104,0.9212857393439747
GTCCT,0.03149649132350541,0.9378773867159876,0.010961214165261383,0.019664907795245608
TCCTG,0.03188405797101449,0.9304016563146998,0.014873706004140787,0.02284057971014493
CCTGC,0.01725179447089759,0.014195863833416247,0.0315897946130339,0.9369625470826523
TGCAA,0.04687453110464244,0.9174894217207334,0.01606998169432524,0.01956606548029889
GCAAG,0.9509254389902903,0.0235496325179893,0.01213396098149122,0.013390967510229211
CAAGG,0.9456676424594307,0.02177947805007386,0.02344067053737142,0.00911220895312407
AAGGC,0.017639468948422804,0.011875657872398221,0.9474126515228685,0.023072221656310482
AGGCT,0.038817177609532086,0.014397418393943155,0.9092559265235199,0.03752947747300484
CTTCT,0.01868167040075468,0.04656098916833718,0.03522396105318128,0.8995333793777268
TTCTG,0.02930727013838008,0.9343765984212782,0.011377303454663588,0.024938827985678147
TCTGG,0.017189675484631038,0.02037209871632063,0.03734757263728025,0.9250906531617681
GGATG,0.8960867701842877,0.029670655721491444,0.03603336300398906,0.03820921109023176
GATGC,0.04757531227038942,0.011572373254959589,0.06438280675973548,0.8764695077149155
ATGCA,0.026546543919879293,0.0182370820668693,0.926811134678883,0.028405239334368372
TGCAC,0.08775597104478768,0.8571207370417683,0.02310997561258855,0.03201331630085549
GCACT,0.9286668621892007,0.030273405676670903,0.025059471437416495,0.01600026069671196
CACTG,0.03247640186346008,0.9141686382594697,0.020707822142003462,0.03264713773506671
TGGGT,0.030476190476190476,0.014442075337597726,0.9240796019900498,0.031002132196162047
GGGTG,0.042169085087540026,0.012194291164248246,0.9130730976224538,0.032563526125757886
AAGCA,0.08302685596989394,0.010904892234006158,0.8822913102976394,0.023776941498460488
GCAGA,0.9366917470021161,0.02896484834234658,0.02042675758288267,0.013916647072654597
CAGAG,0.10817395098538288,0.011126463529925096,0.8561013744454948,0.02459821103919715
AGAGG,0.8954652213188798,0.046504065040650404,0.04379403794037941,0.014236675700090334
GAGGC,0.042040398753301136,0.009659537008398562,0.9152292355642264,0.0330708286740739
AGGCC,0.027587218900179757,0.007495995206476149,0.9375741345366057,0.027342651356738447
GGCCT,0.05218516153329731,0.8913559627319022,0.03269964467586907,0.023759231058931407
CTGGA,0.023983991053824195,0.010348920475167495,0.9303728554192049,0.03529423305180346
TGGAC,0.05578377548278113,0.012554228893922525,0.9031558336852613,0.02850616193803509
GGACA,0.9416211163716904,0.02005567634568102,0.025501391908642024,0.012821815373986549
GACAA,0.03552105876477443,0.9295405360412852,0.008386049608789746,0.026552355585150657
ACAAG,0.7909732016925247,0.018335684062059238,0.01938343743703405,0.17130767680838202
GCCTT,0.038870683135870936,0.9341567935467607,0.015931434333249308,0.011041088984118982
CCTTG,0.024848079921097006,0.006585854729407273,0.032102064840444144,0.9364640005090515
CTTGA,0.012849398799830459,0.007874718361701652,0.04555290338412118,0.9337229794543467
TTGAG,0.02239267315397825,0.009410417859187179,0.9374699484831139,0.030726960503720663
TGAGT,0.908811098860713,0.023199191473722895,0.04577820654171261,0.022211503123851527
GAGTG,0.037326956489248414,0.007024492312290994,0.9200216713060698,0.03562687989239076
AGTGG,0.017212217689782112,0.008025735416044838,0.043577753457367426,0.9311842934368056
GTGGA,0.025976378523295412,0.006702412868632708,0.9271248460256503,0.04019636258242156
TGGAT,0.026997441543729236,0.007395338772704708,0.9303616206102109,0.035245599073355144
GGATT,0.9359545160009197,0.021446040007524925,0.027361468196735017,0.015237975794820342
GATTG,0.019331427314712997,0.011831977127776555,0.045722454365515725,0.9231141411919948
ATTGG,0.01105271468206528,0.006834637854419958,0.026323506191775876,0.9557891412717389
TTGGA,0.02515592946393419,0.00756335605793738,0.9085973600779129,0.05868335440021551
TGGAA,0.026117364222489347,0.008501803081630423,0.9333624740465523,0.03201835864932794
GGAAA,0.9331011852943146,0.02633987365789415,0.026808634121297352,0.013750306926493894
GAAAT,0.9197736351531292,0.026797603195739015,0.03678428761651132,0.016644474034620507
AAATA,0.9259613545054525,0.03711497991199541,0.02238377654486321,0.014539889037688923
AATAT,0.02898276188672097,0.01382837658647471,0.056639515059670395,0.9005493464671339
CTAAC,0.8096971361857015,0.022251219009683403,0.025272989492479914,0.14277865531213516
TAACT,0.8532650589142164,0.03474286972800352,0.10510956943067944,0.00688250192710054
AACTA,0.028200270635994586,0.8293369418132611,0.02311231393775372,0.11935047361299053
ACTAC,0.024898389281950924,0.01038687340057203,0.022640373325304834,0.9420743639921723
CTACA,0.9593730505302558,0.018570091792175385,0.00763078157027003,0.014426076107298815
TACAA,0.03680359661495063,0.8891043723554302,0.007074224259520452,0.06701780677009873
ACAAT,0.9423217601710652,0.01966687299532947,0.02422486072815261,0.013786506105452704
CAATG,0.9456583267293105,0.03592588399562248,0.009773953734103174,0.00864183554096381
AATGA,0.02007303569325009,0.013876781717516787,0.02353634114736718,0.9425138414418659
ATGAG,0.025844707988364288,0.015355784291787872,0.9311926605504587,0.027606847169389125
TGAGA,0.9326713112197151,0.029790995112821045,0.026983466777581365,0.0105542268898825
GAGAA,0.029782546611725347,0.012035412671861614,0.9288890702133736,0.029292970503039452
AGAAG,0.9506002630127689,0.021168285750646925,0.017435201289610996,0.010796249946973232
GAAGT,0.9180132984082209,0.023796091073947208,0.02172073342736248,0.03646987709046948
AAGTT,0.030143660936986408,0.01782710415901313,0.9265840406813743,0.025445194222626113
AGTTC,0.0171580642902164,0.005742699068562224,0.020753087284356982,0.9563461493568644
GTTCA,0.04866990254731535,0.02039357339052564,0.02107085073559845,0.9098656733265605
TTCAA,0.03431981098073766,0.9447158704096752,0.009871450883024309,0.011092867726562813
TCAAG,0.96194757658388,0.019996560788070848,0.011238853268479622,0.006817009359569607
CAAGA,0.938140344094336,0.031007152522714094,0.016083510535472648,0.014768992847477286
AAGAG,0.025405254332029066,0.012884292901062046,0.9372554499720515,0.02445500279485746
AGAGC,0.8720752498530276,0.029488536155202822,0.08223398001175779,0.01620223398001176
GAGCA,0.08196849165496803,0.02082358446420215,0.869443144595227,0.02776477928560287
AGCAA,0.03955606146841206,0.9157655093910074,0.016979700246632517,0.02769872889394802
GGCCA,0.02405865358937632,0.9534000145662888,0.0063970284770945105,0.016144303367240417
GCCAC,0.031245621409555835,0.9480974399007186,0.008747172681598912,0.011909766008126665
CCACA,0.9423297980783829,0.009261066649315723,0.03823714403452838,0.010171991237773006
CACAC,0.04614724189740287,0.9279351792230093,0.0103026400515132,0.015614938828074694
ACACT,0.8792084467760144,0.026196958629391063,0.02191380569758948,0.07268078889700512
CTGAC,0.014095805638322256,0.013244491012082119,0.9506892374185522,0.021970465931043515
TGACT,0.9515611677290998,0.019732835275488244,0.015144748061228633,0.013561248934183279
ACTGT,0.010686761431752012,0.010264314665753269,0.020482959410858023,0.9585659644916367
CTGTA,0.023563823563823565,0.005499005499005499,0.9513045513045513,0.019632619632619634
TGTAG,0.013346830127844636,0.021032504780114723,0.014958947250028118,0.9506617178420125
GTAGA,0.934447646493756,0.03289145052833814,0.016829971181556196,0.015830931796349663
TAGAC,0.033969176854764846,0.004818605392059257,0.9411413324837721,0.020070885269403847
AGACA,0.9409646988232941,0.033234441148038266,0.012383746124870828,0.013417113903796794
ACAAA,0.9500335795836131,0.020953660174613836,0.01723751958809044,0.01177524065368256
CAAAT,0.8739257945709998,0.09981585049788569,0.01568680943936707,0.010571545491747374
AAATC,0.8942239003979998,0.061281763445249514,0.02617614042249209,0.018318195734258597
AATCC,0.03641107750696792,0.007649884362213129,0.02609262883235486,0.9298464092984641
ATCCT,0.027856017568148185,0.9561751086074378,0.005633264906669213,0.010335608917744784
TCCTC,0.019502988361119848,0.9631540316661424,0.002873020866100451,0.014469959106637308
CCTCC,0.028284098051539912,0.01009991547281042,0.023039077569951667,0.938576908905698
CTCCA,0.04198817928090626,0.8790154873310349,0.01143764023422536,0.06755869315383352
TCCAG,0.03957237880618788,0.9361072101200779,0.011615881206658175,0.012704529867075999
CCAGC,0.9582439184208371,0.018969612580882957,0.011614382832336801,0.011172086165943156
AGCAC,0.02351967595113134,0.9530477580086675,0.007273677562664692,0.01615888847753653
GCACA,0.9460044001939069,0.020360219263899765,0.020789051720923296,0.012846328821270089
CACAG,0.02870169585765916,0.9574200722824576,0.003269391159299416,0.01060884070058382
ACAGC,0.9280735057187066,0.03413677040629137,0.01976423295953038,0.018025490915471613
GCCTA,0.021475814805960634,0.9282014503147661,0.03819029404733445,0.0121324408319388
CCTAC,0.015272121436504998,0.008654202147352833,0.013953165494261385,0.9621205109218808
TACAT,0.020082341325285493,0.9492911566906984,0.0055328899569664115,0.025093612027049683
ACATG,0.953480699439129,0.022799492958724757,0.010505478476792443,0.0132143291253538
CATGC,0.01538517494726122,0.008656434131083145,0.016221721102786062,0.9597366698188696
CAGCT,0.03845280315868551,0.021261727144080086,0.9116686175509705,0.028616852146263912
AGCTC,0.03286536496154053,0.9381421117745146,0.00855252541552364,0.02043999784842128
GCTCA,0.020989828559105774,0.013154584336699852,0.022679078460266684,0.9431765086439277
CTCAG,0.012265525745459981,0.975188700396084,0.005221956505492863,0.007323817352963157
TCAGC,0.9395119491216766,0.03291962009357577,0.011935113327543215,0.015633317457204494
CCTGA,0.01542481033010099,0.01457066773853188,0.03191729889966337,0.9380872230317038
TGACA,0.9465176041643788,0.016055700762151594,0.027037712227371564,0.01038898284609809
GACAT,0.125824229898632,0.8605944296821179,0.004551717350654463,0.00902962306859561
ACATC,0.9217687074829932,0.05886243386243386,0.010582010582010581,0.008786848072562359
CATCT,0.020446191982220703,0.008051970253867852,0.019847850243610566,0.9516539875203008
ATCTG,0.02867118780635198,0.9527070883412789,0.005595469907562837,0.013026253944806285
TCTGA,0.008230904302019315,0.012181738366988586,0.023357477319285922,0.9562298800117062
CTGAG,0.02071871474074148,0.013379796507274016,0.9399906141725993,0.025910874579385127
TGAGG,0.9492698910178787,0.024303725336562432,0.013704679820500035,0.012721703825058765
GAGGA,0.03810357171267202,0.010129133190146633,0.9199082544480683,0.03185904064911304
AGGAC,0.02000085902043037,0.004366687187710281,0.9499047919023007,0.025727661889558606
GACTC,0.02143981117230527,0.9535440955582576,0.006884343036978757,0.018131750232458336
ACTCT,0.03253608390156104,0.015829612451397784,0.02968629215557325,0.9219480114914679
CTCTG,0.028858345590099914,0.9457321093472638,0.008317695389765177,0.017091849672871126
TCTGC,0.006332513959204936,0.007765062104217878,0.011851080108743427,0.9740513438278338
CTGCG,0.014676938649271776,0.00230557273800821,0.9533824439071023,0.029635044705617723
TGCGG,0.032479976413935435,0.9508132278512113,0.005798240872684389,0.010908554862168934
GCGGT,0.03501990422892748,0.02053885651647147,0.8961518490740207,0.04828939018058039
CGGTC,0.01240481030977568,0.005547706832983012,0.963578098618242,0.018469384238999347
GGTCT,0.017391304347826087,0.01054125998225377,0.04479148181011535,0.9272759538598048
GTCTA,0.020657276995305163,0.9435278336686788,0.012340710932260229,0.023474178403755867
TCTAT,0.006038377242027106,0.003667755065527575,0.025965022140716554,0.9643288455517288
CTATT,0.9624533724698832,0.016775719032185735,0.004769767015226564,0.016001141482704498
TATTA,0.00688569329274693,0.013288548336307337,0.018095937860816626,0.9617298205101291
ATTAT,0.017341772151898735,0.005822784810126582,0.033417721518987344,0.9434177215189874
TTATT,0.9427269368148786,0.024756743441310507,0.009730262347579751,0.022786057396231064
TATTG,0.012833168805528134,0.035340572556762095,0.03968410661401777,0.912142152023692
ATTGT,0.015283842794759825,0.00363901018922853,0.028384279475982533,0.9526928675400291
TTGTG,0.01668737795135807,0.015444700869873956,0.929433694301438,0.038434226877330016
TGTGC,0.011315947242206236,0.013264388489208634,0.03306354916067146,0.9423561151079136
GGGCA,0.05967608061804329,0.009236597356715687,0.9148700704450167,0.01621725158022432
GGCAC,0.06988022047911809,0.9015793936824252,0.013355946576213695,0.01518443926224295
ACAGG,0.9435358804455096,0.02023121387283237,0.014591851120823347,0.021641054560834625
CAGGG,0.018681988893525504,0.006034731807530575,0.9499887651269541,0.025294514171989857
AGGGA,0.01956623707310536,0.007393178620088897,0.9567800585200241,0.01626052578678162
GGACC,0.9426644581164222,0.02309512541410317,0.01904874585896829,0.01519167061050639
GACCA,0.0068068370896989866,0.9803358039630918,0.0044622598699137804,0.008395099077295416
ACCAC,0.005438538505453562,0.971064571377062,0.006370000901415222,0.017126889216069228
CCACG,0.970745493431103,0.008325695080965475,0.007485487320501069,0.013443324167430493
CACGG,0.010796417332365044,0.9763737593802954,0.002904865649963689,0.009924957637375938
ACGGT,0.01981549211201485,0.00403952180795895,0.9477045690266936,0.028440417053332605
GGTCA,0.0012717606588137182,0.009340143854894194,0.006087772333993537,0.9833003231522985
GTCAC,0.007343896304184185,0.9847063359465364,0.0033598325591642645,0.004589935190115115
TCACC,0.9648945740175966,0.014612633565175417,0.011453145226759111,0.009039647190468876
CACCG,0.00423336420161397,0.9857454689773779,0.0017859505225558936,0.008235216298452176
ACCGT,0.019616275223288123,0.9751571286801191,0.0003307972213033411,0.0048957988752894475
CCGTC,0.0036723421044644756,0.0026404443230447056,0.9857355306686091,0.007951682903881757
CGTCT,0.0023007992249939454,0.00426858803584403,0.005388713974327925,0.9880418987648341
GTCTC,0.012340527759865468,0.9740292581774962,0.005196677161172856,0.008433536901465437
TCTCC,0.019118731125008916,0.013875347775426247,0.024528571088864054,0.9424773500107008
CTCCT,0.014483674169538044,0.9706149967930072,0.005653256962157485,0.009248072075297206
CCTCA,0.011543539218574405,0.009121359911841402,0.021461381515062244,0.9578737193545219
GAGGT,0.02148209825145712,0.01115736885928393,0.9352761587565918,0.03208437413266722
AGGTG,0.022727272727272728,0.04031187790311878,0.8692767086927671,0.0676841406768414
GGTGC,0.019962127189521856,0.017200568092157174,0.1033612119299353,0.8594760927883857
GTGCA,0.031314710729831385,0.019397371423741705,0.8709800109876178,0.07830790685880912
AGCTT,0.04297413133323129,0.8809888259605082,0.032182764426756466,0.043854278279504055
GCTTG,0.020072315965139996,0.020999443723345078,0.05437604301872798,0.9045521972927869
CTTGT,0.01378161441768893,0.01559897016507648,0.1875662577616235,0.7830531576556111
TTGTT,0.007523148148148148,0.016203703703703703,0.9114583333333334,0.06481481481481481
TGTTG,0.015783021759117378,0.02083971805087343,0.04489733374195526,0.918479926448054
GTTGA,0.011304954640614095,0.009211444521981856,0.02079553384508025,0.9586880669923238
GAGTC,0.02111706923551464,0.013287144687514829,0.9093152375077113,0.056280548569259244
AGTCT,0.019576989884540718,0.020363747828752426,0.03883723306426893,0.9212220292224379
GTCTG,0.062173458725182866,0.8874355925485533,0.02001585414189457,0.030375094584369256
GGTGG,0.02457712881306925,0.02168570189388463,0.0819719531588839,0.8717652161341622
TGGAG,0.022215966119121643,0.017833973903889935,0.9289945898308404,0.03095547014614801
GGAGG,0.8301362855785743,0.0470970806386788,0.0783733421023786,0.0443932916803683
AGGAT,0.03281576200417537,0.009786012526096033,0.9103601252609603,0.047038100208768266
TTGGT,0.0225350251123447,0.013283108643933386,0.9113798572561459,0.052802008987576
CCTAA,0.028017241379310345,0.02209051724137931,0.061422413793103446,0.8884698275862069
CTAAA,0.9317484662576687,0.031952965235173825,0.024284253578732106,0.012014314928425357
TAAAG,0.9290088150191778,0.03707691272458112,0.022138483278379653,0.011775788977861516
AAAGG,0.9278810408921933,0.03220260223048327,0.02383828996282528,0.016078066914498142
AAGGG,0.046017572513441664,0.007963662808025655,0.924059083701911,0.021959680976621643
AGGGT,0.03475986685687114,0.015644317641464574,0.9164051355206847,0.033190679980979555
GGGTC,0.02376747959719372,0.008733832864029017,0.9391495251276667,0.02834916241111058
GTCAT,0.06969026548672566,0.8506637168141593,0.017699115044247787,0.061946902654867256
TCATT,0.8517555266579974,0.06827048114434331,0.031209362808842653,0.04876462938881664
CATTG,0.01566742333199804,0.03133484666399608,0.02278897939199715,0.9302087506120087
ATTGA,0.010226410038851427,0.01000312597686777,0.017818068146295718,0.9619523958379851
TTGAA,0.01941112322791712,0.013304252998909487,0.9330425299890949,0.03424209378407852
TGAAA,0.9143849206349206,0.037731481481481484,0.027215608465608467,0.02066798941798942
GAAAC,0.9118072437455765,0.047173585254023445,0.022217435455580515,0.018801735544819523
AAACT,0.8691879290247377,0.06333376505633985,0.03945948279583819,0.02801882312308423
AACTC,0.06779661016949153,0.857876586690146,0.027881722796977034,0.04644508034338543
CTCTC,0.030282157252921067,0.9157865197203939,0.02375121179652023,0.030180111230164803
TCTCA,0.016196585727918565,0.024228607782843813,0.01905948467818895,0.9405153218110487
CTCAT,0.040863981319322826,0.9287799182720373,0.01284296555750146,0.017513134851138354
TCATG,0.3943277883828743,0.07035724025088629,0.5083174256885737,0.026997545677665668
CATGT,0.025966662886948634,0.013493593377934007,0.045356616396416825,0.9151831273387006
ATGTG,0.027707226968367582,0.01916416531978758,0.9002539829138767,0.05287462479796814
GCCTC,0.05653059245612334,0.8301173276447202,0.027925918743333656,0.08542616115582274
CCTCT,0.03539868212698575,0.01695867599734382,0.04724932318537059,0.9003933186902998
CCATG,0.9430257818584252,0.027462392917161946,0.013895151043161044,0.015616674181251794
CATGA,0.12611146626372988,0.010751438368106003,0.051955599465333874,0.8111814959028303
ATGAA,0.030121753818002674,0.016644380322330916,0.9076993454852558,0.04553452037441059
GTCCG,0.06175011998080307,0.8721804511278195,0.03615421532554791,0.029915213565829466
TCCGC,0.07101134443639874,0.8848660391020999,0.011682355780835143,0.03244026068066618
CCGCC,0.04826254826254826,0.015995587424158852,0.886238279095422,0.04950358521787093
CGCCA,0.0606968581457067,0.8637959078845989,0.0493964557828953,0.026110778186799074
GCCAG,0.052784746613146014,0.9168590065228299,0.013697942799799297,0.016658304064224787
CCAGG,0.9286197698952984,0.03340101118675107,0.022293881125840995,0.01568533779210956
CAGGC,0.0342916522341531,0.01085325020205519,0.9226417272832237,0.03221337028056807
GGCTC,0.08761329305135952,0.840802282645183,0.038267875125881166,0.03331654917757637
GCTCC,0.0210896309314587,0.01638942248743205,0.04459067315159194,0.9179302734295173
CAGGA,0.024745497259201252,0.012333594361785435,0.941229444009397,0.02169146436961629
AGGAA,0.013570847378821341,0.005782866441938858,0.9660002324770429,0.014646053702196907
GAAAG,0.8862704386192577,0.0667272255385414,0.03420711134181158,0.012795224500389307
GGGTT,0.06650618332861323,0.013971490607004625,0.8822335504578496,0.03728877560653262
GGTTT,0.02736455463728191,0.016835016835016835,0.048117539026629935,0.9076828895010713
GTTTG,0.011071906557975422,0.00973354422679158,0.024455529869813846,0.9547390193454192
TTTGG,0.01613889228512043,0.011248318865386967,0.026409096466560703,0.9462036923829319
GGAAT,0.923329129886507,0.022026061370323667,0.033543505674653216,0.021101303068516184
GAATG,0.8963028813470689,0.027715316634419285,0.052397636354128536,0.023584165664383202
AATGG,0.02722257393506376,0.009405806276566881,0.04395405625395677,0.9194175635344126
ATGGG,0.03207039488037234,0.008072140207984874,0.9069885826485347,0.05286888226310814
GGTTG,0.013736644928541696,0.004856389621201609,0.027889551824614958,0.9535174136256417
GTTGC,0.01784640064166834,0.00962502506516944,0.03799879687186685,0.9345297774212954
TTGCT,0.03791763791763792,0.007614607614607615,0.922921522921523,0.03154623154623155
TGCTC,0.06165764618486681,0.8824153666560544,0.022498142841982382,0.033428844317096466
GCTCG,0.046218487394957986,0.0070028011204481795,0.05112044817927171,0.8956582633053222
CTCGC,0.11009817671809256,0.847124824684432,0.021739130434782608,0.021037868162692847
TCGCA,0.03428571428571429,0.008571428571428572,0.9291428571428572,0.028
CGCAT,0.0917381974248927,0.8444206008583691,0.02736051502145923,0.03648068669527897
CATAT,0.019777375097074813,0.005073776857364742,0.031529899042195185,0.9436189490033653
ATATT,0.9508196721311475,0.025440446228147746,0.01047547785864907,0.013264403782055642
TTATG,0.9626802374893978,0.017811704834605598,0.009117896522476675,0.010390161153519931
TATGC,0.018851893154904147,0.013169773246242897,0.025330571929265574,0.9426477616695874
ATGCC,0.029847494553376906,0.004575163398692811,0.9386710239651416,0.02690631808278867
TGCCG,0.07228642646725583,0.8857919782460911,0.018581463856786766,0.023340131429866306
GCCGA,0.05714285714285714,0.9028571428571428,0.015584415584415584,0.024415584415584415
CCGAT,0.04025974025974026,0.007792207792207792,0.92,0.03194805194805195
CGATT,0.9470187095646092,0.028851197761846477,0.011715334848749781,0.012414757824794544
GATTC,0.026626459643269602,0.055947645322725524,0.02829462337995637,0.8891312716540485
ATTCA,0.02565123874770971,0.0114713614275472,0.021827451605193976,0.9410499482195491
AAAGA,0.9445110148400774,0.022905336897409898,0.022075767351829662,0.010507880910683012
AAGAC,0.036481418342993524,0.005682463916354131,0.9230594385725651,0.034776679168087285
GACAG,0.04906597869189241,0.923892790597678,0.01638717691462424,0.010654053795805266
ACAGA,0.9251275510204081,0.02806122448979592,0.028698979591836735,0.018112244897959182
CAGAT,0.018722263313609468,0.008459689349112426,0.9483635355029586,0.02445451183431953
AGATT,0.8783333333333333,0.06296296296296296,0.025925925925925925,0.03277777777777778
TTCAC,0.046344149792425654,0.9242565449462001,0.011183597390493943,0.018215707870880286
CACCA,0.01951748441312009,0.9610855094726063,0.00617451281587904,0.013222493298394627
ACCAT,0.036839735894357746,0.9459033613445378,0.006827731092436975,0.010429171668667468
CCATC,0.9304151733580317,0.024282205130270205,0.03120847259694761,0.014094148914750533
ATCTC,0.0423249534790382,0.9259313314116832,0.013281278505491299,0.018462436603787352
CCAGA,0.9523809523809523,0.01897667819455529,0.019567851970086605,0.009074517454405722
AGAGA,0.8844068460935458,0.04706689312777632,0.04781813430885811,0.0207081264698197
GAGAT,0.02940723040160333,0.18442149078856085,0.6747475526092654,0.11142372620057042
AGATG,0.8904515173945226,0.03398156247897181,0.015207590337124016,0.060359329789381605
GATGA,0.026606037151702785,0.01465750773993808,0.037925696594427245,0.9208107585139319
ATGAT,0.041364107883817426,0.006483402489626556,0.9116960580912863,0.04045643153526971
TGATT,0.9515974746508513,0.027740577769274917,0.007269944518844462,0.013392003061029271
TCAGA,0.9434772239446697,0.031481039828285234,0.01430956355831147,0.010732172668733603
CAGAA,0.019415288976980943,0.007027343574034867,0.9553133024010091,0.018244065047975135
AGAAA,0.9336725080082909,0.0374976446203128,0.01639344262295082,0.01243640474844545
AAAGC,0.8961509146341463,0.033060213414634144,0.050590701219512195,0.020198170731707318
AGCAT,0.030166880616174584,0.9457637997432606,0.00994865211810013,0.014120667522464698
GCATG,0.6046012868005459,0.361279001754728,0.013842854357574576,0.020276857087151493
ATGCT,0.024509803921568627,0.009445241511238642,0.9433285509325682,0.02271640363462458
GCTCT,0.0324729392173189,0.057660283097418816,0.037052456286427976,0.8728143213988343
CTCTA,0.03567567567567568,0.9362162162162162,0.01108108108108108,0.017027027027027027
CTATC,0.9705807437595517,0.014263881813550688,0.008405501782985226,0.006749872643912379
TATCT,0.19020626672964888,0.019681939851991813,0.1141552511415525,0.6759565422768068
GCAAA,0.9594073472701441,0.020431635207360802,0.010012854340031121,0.010148163182463974
AAATG,0.936603979285909,0.02512946306895612,0.028836195148541837,0.009430362496593077
GAACA,0.9008835958509412,0.03734152900499424,0.03834037648866692,0.02343449865539762
AACAA,0.02978079382902895,0.9441976273006883,0.013523409656788556,0.012498169213494116
ACAAC,0.9607509033755398,0.017891242398425336,0.012661946590675401,0.008695907635359441
AACTT,0.02486772486772487,0.9457671957671958,0.009788359788359789,0.019576719576719578
ACTTG,0.019895583462678144,0.015662480598278537,0.0517849583744885,0.9126569775645548
GAAAA,0.8803558885506907,0.0409740107703114,0.06555841723249825,0.013111683446499649
AAAAC,0.9298727227352134,0.02795108560019965,0.02720239580733716,0.014973795857249813
GACAC,0.03656134763660744,0.9382961783439491,0.008443680858196446,0.016698793161247068
ACACA,0.9516723896731527,0.01786849802874221,0.016692102251049216,0.013767010047055831
AGCCA,0.03280839895013123,0.9307549791570171,0.020225412999845607,0.01621120889300602
GCCAT,0.04278098821842942,0.9311920440800968,0.012543116964565695,0.013483850736908122
ATGTA,0.016404114047650045,0.009634162218461138,0.942845983595886,0.031115740138002865
TGTAT,0.009755232351897836,0.005498403689251507,0.02075203973040085,0.9639943242284498
GTATT,0.9609948504437383,0.023118220663964063,0.007450421825353347,0.00843650706694423
ATTAC,0.007341021722013802,0.004515770459913853,0.024269371497383167,0.9638738363206891
TTACT,0.9095821599817338,0.025839104954714972,0.01668696247811858,0.04789177258543268
TACTG,0.019074727833946363,0.9560283163595364,0.004565366061031736,0.020331589745485462
CTGTG,0.01753123569045594,0.042179629750768624,0.9128148099692549,0.027474324589520507
TGTGT,0.016329560215253294,0.027648914455372053,0.0508443124884023,0.9051772128409723
GGGGT,0.004725339633786178,0.0033471155739318763,0.9746012994683992,0.017326245323882654
GTCAA,0.03399291516084016,0.9442874011521809,0.010698822771674957,0.011020860915303968
AAGGA,0.018618961525042027,0.0063437688330637235,0.9479493767247121,0.027087892917182096
GGAAC,0.9466253757172784,0.024182530285089716,0.023135076054285456,0.0060570179433463885
GAACC,0.9683645886129414,0.016430140226389594,0.006208819057273188,0.008996452103395844
AACCT,0.055751069137562365,0.9239575908766928,0.008864932287954383,0.011426407697790448
ACCTC,0.020282256996849102,0.9612095215399687,0.006354754150448804,0.012153467312733339
CAGTC,0.016146508694957103,0.007034122599783292,0.9568449473328952,0.019974421372364423
AGTCA,0.012352204757268049,0.01691473083878147,0.022701349283627766,0.9480317151203227
AGGTT,0.033694181326116374,0.018132611637347768,0.8968876860622462,0.05128552097428958
GGTTC,0.026451547643131703,0.014970665587699777,0.03975318632409468,0.9188246004450739
GCAGT,0.7584117686512106,0.025620961792125915,0.1755684231706499,0.04039884638601355
GTGCT,0.0396452790818988,0.030777256129368807,0.8330725091288471,0.09650495565988523
TGCTG,0.06378547253319448,0.8955133211837195,0.020307211663629265,0.020393994619456738
GCTGG,0.02180068978035941,0.01588310038119441,0.04592485024505355,0.9163913595933927
CTGGC,0.018719031014865113,0.011561754450357864,0.9325870190248975,0.037132195509879486
TGGCA,0.025411764705882352,0.012,0.9467058823529412,0.01588235294117647
GGCAA,0.040839013544744465,0.9410525699909311,0.00906883538601059,0.009039581078313782
GAAGA,0.9270946681175191,0.03343761334784186,0.021468081247733042,0.017999637286906057
AAGAT,0.017600974008787254,0.010719390185802763,0.9459795669895718,0.02570006881583823
GATGT,0.009826487252124646,0.010003541076487252,0.025053116147308784,0.9551168555240793
ATGTC,0.19040017028522777,0.012132822477650063,0.7679863771817795,0.0294806300553427
AGACT,0.8747709224190593,0.05207697006719609,0.04459376908979841,0.028558338423946242
GACTT,0.04619482496194825,0.9116438356164384,0.02085235920852359,0.0213089802130898
ACTTC,0.02771605660156707,0.01602151795111683,0.0390597590925038,0.9172026663548123
GGGTA,0.05847568988173456,0.015549715286903198,0.8731931668856767,0.0527814279456855
GGTAA,0.055967633175994604,0.027421892560125873,0.036974601033940215,0.8796358732299393
GTAAA,0.9024697845507094,0.030583289542827116,0.0511823436678928,0.015764582238570676
TAAAA,0.9421875,0.0359375,0.012109375,0.009765625
AAACA,0.8916121175216928,0.03311006241437053,0.05944588217384686,0.015831937890089815
AACAG,0.03759398496240601,0.9373433583959899,0.014586466165413535,0.010476190476190476
ATGGA,0.023154912117589764,0.008345508478328241,0.945853809713552,0.022645769690529952
GGATA,0.8522235822113423,0.03386372909016728,0.07596899224806201,0.037943696450428395
GATAG,0.050049554013875126,0.011892963330029732,0.0639246778989098,0.8741328047571854
ATAGG,0.8569682151589242,0.061124694376528114,0.02567237163814181,0.05623471882640587
TAGGG,0.037109375,0.015625,0.892578125,0.0546875
AGGGG,0.030483674298875493,0.013548299688389108,0.9174908548977103,0.03847717111502506
GGCTA,0.035670824459993915,0.900821417706115,0.0418314572558564,0.02167630057803468
GCTAT,0.030431432973805857,0.014252696456086287,0.04121725731895223,0.9140986132511556
CTAGC,0.5896401218809191,0.009388124845590052,0.3892777732026682,0.011693980070822696
TAGCT,0.048417612659098726,0.029153766769865842,0.9137426900584795,0.0086859305125559
AGCTA,0.02479278221961417,0.9418323186385975,0.011002714002787354,0.022372185139000952
GCTAC,0.01825798292760038,0.008931394245969016,0.020510591210875753,0.9523000316155549
CAACC,0.9284082254379284,0.02945925361766946,0.03019040365575019,0.011942117288651943
AACCA,0.02268822415084365,0.9347988898189348,0.006123617780518966,0.03638926824970263
ACCAG,0.057918055999634586,0.9190608870415201,0.013246243091399077,0.009774813867446216
AGGGC,0.04272484764362706,0.008132902470233577,0.9233121516406775,0.02583009824546184
GCCAA,0.025552580220578224,0.9650751146008261,0.0032451323015476783,0.0061271728770480646
CCAAA,0.9512448132780082,0.02057399723374827,0.01625172890733057,0.011929460580912862
CAAAC,0.9539652362846279,0.022134709397066812,0.011950027159152634,0.011950027159152634
TCACA,0.9659758738014228,0.012411073306526446,0.017592019795855243,0.004021033096195484
CACAT,0.06972937129595093,0.9000372995151062,0.010029425173028307,0.02020390401591446
CATCC,0.027224602974539956,0.008381648600957903,0.021174691202419965,0.9432190572220822
ATCCG,0.037536443148688044,0.9232871720116618,0.024052478134110787,0.015123906705539359
CTGCC,0.021201706074785706,0.004099548635554267,0.943351691581432,0.03134705370822809
TGCCT,0.049862676389809645,0.9134861255800739,0.013779713988067053,0.022871484042049438
CATGG,0.012293321881039296,0.011890702168778184,0.02488189821773674,0.9509340777324458
GGAGC,0.9279488170380866,0.022714586285370778,0.03130233157284555,0.018034265103697024
GAGCT,0.032301248575139836,0.040121411340561464,0.8980860482994459,0.02949129178485274
GGGCC,0.008811371382986438,0.006508811371382987,0.9726412357676408,0.012038581477989701
CCAAG,0.9822211504735181,0.010566467905997896,0.00484479130129779,0.0023675903191862505
AGGCA,0.0027785013458365895,0.0025180168446644093,0.9914908396283755,0.0032126421811235566
GCACC,0.9648722820350433,0.009668566603335444,0.004686510449651678,0.020772640911969602
CCACT,0.9728454768889241,0.011297867279790692,0.004915563307698406,0.010941092523586776
CACTC,0.007255413218455958,0.9832974341533461,0.0012470241469221177,0.008200128481275744
CTCAC,0.017894530227689085,0.9712771525778592,0.004023815755037948,0.006804501439413766
ACAGT,0.9436580562956098,0.03479671029769489,0.010471446774006719,0.01107378663268852
GCTGC,0.017883390494855465,0.01660950514453699,0.0375796178343949,0.9279274865262126
GGCAG,0.058823529411764705,0.8905882352941177,0.017983193277310926,0.03260504201680672
TGTGA,0.01827267679571955,0.013931654131543082,0.0314471758114179,0.9363484932613194
CAAGT,0.8697962313759859,0.10599255039439089,0.011174408413672217,0.01303680981595092
AGTTG,0.025101801751547945,0.024320856808166452,0.0349751771071568,0.9156021643331288
GTTGT,0.012923438417857843,0.0250636381437243,0.05228118269042491,0.9097317407479929
TTGTC,0.022443403590944575,0.016588602654176426,0.8979313036690086,0.06303669008587041
ATATG,0.9321654576323507,0.03256675412872357,0.01751813551473993,0.01774965272418583
GGAGT,0.8706734547442512,0.040830970034509854,0.052140636211432674,0.03635493900980627
GGAAG,0.7628996210280828,0.1986201535322126,0.022252453600233212,0.016227771839471383
GAAGG,0.9266211604095563,0.02614578254509995,0.022306192101413946,0.024926864943929792
TAAAT,0.932523051131601,0.041911148365465216,0.016764459346186086,0.008801341156747695
TGCCC,0.06350877192982456,0.8603508771929824,0.007017543859649123,0.06912280701754386
GCCCC,0.05014464802314368,0.9093539054966249,0.018804243008678882,0.021697203471552556
CCCCG,0.08592964824120602,0.8763819095477386,0.0185929648241206,0.019095477386934675
CCCGA,0.05410821643286573,0.9298597194388778,0.006513026052104208,0.009519038076152305
CCGAA,0.01757910597689603,0.012054244098442994,0.9412355600200905,0.029131089904570567
CGAAA,0.9462025316455697,0.020042194092827006,0.016877637130801686,0.016877637130801686
AAATT,0.9006009013520281,0.04006009013520281,0.04656985478217326,0.012769153730595895
AATTC,0.01594756963407974,0.014964500273074822,0.02643364281813217,0.9426542872747132
ATTCC,0.03561681222707424,0.011872270742358079,0.02210698689956332,0.9304039301310044
TTCCA,0.04770614235634812,0.924630391708581,0.01356500533455266,0.014098460600518213
CACTA,0.040474528960223306,0.8974180041870202,0.047685508257734356,0.014421958595022098
ACTAT,0.030828304991771804,0.011629182665935272,0.028085573230938014,0.929456939111355
CTATA,0.9130620375640296,0.028457598178713718,0.0443938531587934,0.014086511098463289
TATAA,0.02913981507425049,0.022135051835247967,0.033342673017652,0.9153824600728495
ATAAC,0.7721317983326716,0.03463676061929337,0.17903930131004367,0.014192139737991267
TAACA,0.7684745762711864,0.026779661016949154,0.11152542372881356,0.09322033898305085
CAGAC,0.03723217421847559,0.008912890762205831,0.9253161222339304,0.028538812785388126
CAACA,0.9082184016625732,0.02901945966370678,0.04968826752314377,0.013073871150576233
AACAC,0.027448432678252397,0.9553353906123112,0.004222835796654215,0.0129933409127822
CTACC,0.9446064139941691,0.0237839496700936,0.009973914377781187,0.021635721957956114
TACCT,0.03338774298857397,0.9037691052084879,0.010980857694019885,0.05186229410891824
ACCTG,0.034985320229953765,0.903517870642218,0.04103303387774476,0.020463775250083506
GCCGT,0.04527736131934033,0.92023988005997,0.008695652173913044,0.025787106446776613
GTACA,0.9193261868300153,0.03540581929555896,0.02787136294027565,0.017396630934150076
TACAG,0.046654225539856035,0.9088243135163956,0.0231049497911668,0.021416511152581533
TCAGG,0.8213879408418657,0.042829418456802514,0.11671016529478685,0.01907247540654487
AGGAG,0.018246787805063485,0.014065232266403101,0.9248080285866342,0.04287995134189919
GTCAG,0.04404233526800956,0.9199954478206441,0.015363605326049846,0.02059861158529646
GACCT,0.03348958039193539,0.9202010504320325,0.03196475969955385,0.01434460947647823
TGGCC,0.03614197863847233,0.022764052217067645,0.8861797389146617,0.05491423022979825
CCTCG,0.025257249766136577,0.028297474275023386,0.050748362956033674,0.8956969130028064
CTCGT,0.05898491083676269,0.8916323731138546,0.025205761316872428,0.02417695473251029
TCGTG,0.02862312880407962,0.023852607336733014,0.901628557328508,0.04589570653067939
CGTGA,0.017783632471595586,0.020253581425983862,0.04445908117898897,0.9175037049234316
AAACC,0.9122360040227958,0.04096547100234663,0.024002681863895408,0.022795843110962118
ACCTT,0.03355442840421381,0.9293796332422942,0.013655872024970737,0.023410066328521262
CCTTC,0.019075354932653804,0.021332362577357118,0.034874408445576995,0.9247178740444121
