Length,Base,A,C,G,T
0,G,0.31894588511121663,0.08383692707375036,0.5401870559239701,0.057030131891062895
0,T,0.09944565931700243,0.5022901606653222,0.2633004940062091,0.13496368601146638
0,A,0.252528954894842,0.12261518416356539,0.5527903448903205,0.07206551605127204
0,C,0.13957434307826333,0.429278348426832,0.2940674446402885,0.13707986385461618
1,G,0.16263125579603077,0.07808551952747333,0.7105565234145136,0.048726701261982336
1,C,0.11740915171617584,0.37509208524986715,0.3580842602943063,0.1494145027396507
1,A,0.1689068239662777,0.14229588731993978,0.5596069878693928,0.12919030084438976
1,T,0.14023920879540905,0.3455043504573422,0.34867362810623714,0.16558281264101163
2,T,0.16270293075647152,0.3287521600675039,0.3356412583007276,0.1729036508752969
2,A,0.20377981243751883,0.1071026198448087,0.5974349005855377,0.09168266713213476
2,G,0.17872090200415397,0.06705904566665767,0.7155795322741618,0.03864052005502657
2,C,0.09218000226703107,0.49747477927933603,0.2510233126361793,0.15932190581745362
3,A,0.1928605430913155,0.1271214504511963,0.5538382730358473,0.12617973342164088
3,T,0.12416719395540998,0.4099452860386348,0.21951650723936428,0.24637101276659099
3,C,0.10418504005018775,0.4852209806613509,0.19673234109485666,0.2138616381936047
3,G,0.187943706763571,0.07754507102909003,0.6887221965366207,0.04578902567071827
4,T,0.17066439522998297,0.3435207268597388,0.2273367404883589,0.2584781374219194
4,C,0.09208929031933429,0.462188732412084,0.19567008623346563,0.2500518910351161
4,G,0.18495069367494477,0.08524711031285565,0.6692864782145559,0.06051571779764367
4,A,0.19185345227522765,0.13758731757750886,0.5172779449385629,0.1532812852087006
5,T,0.21621392498576983,0.3223649949740224,0.22723474343292438,0.23418633660728344
5,C,0.11070195042665583,0.4502150209941758,0.1943738994988487,0.24470912908031967
5,G,0.21829369640173282,0.09839978781716913,0.6177632393245513,0.06554327645654673
5,A,0.23648348392830693,0.155236261294623,0.4325919969528324,0.1756882578242377
6,T,0.15645767356382193,0.3751866498203239,0.13245163513446992,0.33590404148138425
6,A,0.2333719008264463,0.19535537190082644,0.3120165289256198,0.25925619834710745
6,G,0.2066798265014425,0.1373002092809845,0.5508909296168903,0.10512903460068264
6,C,0.09231932954722825,0.4249762868154694,0.14847455185082906,0.33422983178647325
7,T,0.2200091487820684,0.26438074181374605,0.1897419281058209,0.32586818129836465
7,G,0.20308348661352954,0.11925199264255058,0.5609033312895974,0.1167611894543225
7,C,0.1067535889670277,0.39205721814417466,0.1773865133548928,0.32380267953390485
7,A,0.25255380814367845,0.1880790611488573,0.28291442960992064,0.2764527010975436
8,A,0.28857973574767215,0.1843877663685547,0.2996209193625557,0.22741157852121746
8,T,0.2560620513077966,0.2707716250815804,0.24135247753401276,0.23181384607661026
8,G,0.2337773042088439,0.11686734150239744,0.5662866275972296,0.08306872669152904
8,C,0.11627411842980705,0.4028476380572189,0.20540252827677977,0.2754757152361943
9,C,0.10400735447745602,0.3840625130583762,0.18352764197066565,0.3284024904935022
9,G,0.2052364307854646,0.12289784343467651,0.577062586559388,0.09480313922047089
9,T,0.1750221517511542,0.34915823345613956,0.16812013244415427,0.307699482348552
9,A,0.23224852071005916,0.1906577150659991,0.30996813837050524,0.2671256258534365
10,T,0.2383167978104687,0.264317482039001,0.24625384878549436,0.25111187136503593
10,G,0.18196575378331675,0.11588207571869927,0.6048594020003142,0.0972927684976698
10,A,0.22524199553239016,0.2024385703648548,0.2861131794489948,0.28620625465376026
10,C,0.11292798504972303,0.36034172061669895,0.233130881665888,0.2935994126676901
11,A,0.2405980969642048,0.18713185319438153,0.35055127624225946,0.2217187735991542
11,C,0.13428451531682753,0.3703315148971884,0.24832144355853966,0.2470625262274444
11,G,0.24170393033654977,0.106221071624696,0.5720561700792344,0.08001882795951988
11,T,0.23819436835762026,0.2821299441218363,0.2739125671085789,0.2057631204119645
12,G,0.2056338028169014,0.12259644825474586,0.5687691365584813,0.1030006123698714
12,A,0.23393854748603352,0.23812849162011174,0.2986499068901304,0.2292830540037244
12,T,0.18687707641196014,0.3523671096345515,0.18147840531561463,0.27927740863787376
12,C,0.11387016672578928,0.3918056048244058,0.22277403334515786,0.27155019510464706
13,C,0.10309278350515463,0.39948453608247425,0.20463917525773195,0.2927835051546392
13,G,0.20286298568507158,0.10184049079754601,0.5807770961145194,0.11451942740286299
13,A,0.2082748948106592,0.22931276297335204,0.32503506311360447,0.2373772791023843
13,T,0.24100719424460432,0.2733812949640288,0.24395029431000653,0.24166121648136035
14,T,0.22569938359412042,0.29397818871503084,0.25177809388335703,0.2285443338074917
14,G,0.2550115018074269,0.12224778179428196,0.5484719027275715,0.07426881367071969
14,C,0.12224039247751431,0.37653311529026984,0.2542927228127555,0.24693376941946035
14,A,0.220703125,0.203125,0.3860677083333333,0.19010416666666666
15,C,0.11081262592343855,0.40698455339153794,0.19879113498992612,0.2834116856950974
15,A,0.2085070892410342,0.19432860717264386,0.2910758965804837,0.3060884070058382
15,T,0.19391304347826088,0.39565217391304347,0.14695652173913043,0.2634782608695652
15,G,0.21113924050632912,0.13569620253164558,0.5640506329113925,0.08911392405063291
16,A,0.21370967741935484,0.25806451612903225,0.29301075268817206,0.23521505376344087
16,T,0.1795429815016322,0.40369967355821545,0.18171926006528835,0.235038084874864
16,G,0.2026359143327842,0.11532125205930807,0.557660626029654,0.1243822075782537
16,C,0.1438223938223938,0.4015444015444015,0.21138996138996138,0.24324324324324326
17,C,0.1378504672897196,0.3796728971962617,0.338785046728972,0.14369158878504673
17,G,0.23164556962025318,0.14556962025316456,0.529113924050633,0.09367088607594937
17,A,0.2542372881355932,0.22245762711864406,0.3453389830508475,0.17796610169491525
17,T,0.28865979381443296,0.28865979381443296,0.2422680412371134,0.18041237113402062
18,T,0.1875,0.3680555555555556,0.14583333333333334,0.2986111111111111
18,G,0.17518248175182483,0.12408759124087591,0.6043795620437956,0.09635036496350365
18,C,0.11155378486055777,0.36852589641434264,0.2350597609561753,0.2848605577689243
18,A,0.19414893617021275,0.22606382978723405,0.3058510638297872,0.27393617021276595
19,C,0.12951807228915663,0.40963855421686746,0.19879518072289157,0.2620481927710843
19,A,0.2575107296137339,0.1630901287553648,0.26180257510729615,0.31759656652360513
19,G,0.16844919786096257,0.1443850267379679,0.5481283422459893,0.13903743315508021
19,T,0.16981132075471697,0.3433962264150943,0.26037735849056604,0.22641509433962265
20,C,0.18025751072961374,0.41201716738197425,0.20600858369098712,0.2017167381974249
20,T,0.17272727272727273,0.29545454545454547,0.29545454545454547,0.23636363636363636
20,A,0.16901408450704225,0.1619718309859155,0.3732394366197183,0.29577464788732394
20,G,0.19838056680161945,0.2145748987854251,0.5141700404858299,0.0728744939271255
21,T,0.2,0.328,0.24,0.232
21,A,0.1941747572815534,0.2621359223300971,0.3592233009708738,0.18446601941747573
21,C,0.10227272727272728,0.4318181818181818,0.24431818181818182,0.2215909090909091
21,G,0.1958762886597938,0.14432989690721648,0.5154639175257731,0.14432989690721648
22,C,0.10084033613445378,0.4789915966386555,0.11764705882352941,0.3025210084033613
22,T,0.2894736842105263,0.2894736842105263,0.27631578947368424,0.14473684210526316
22,G,0.3508771929824561,0.12280701754385964,0.37719298245614036,0.14912280701754385
22,A,0.23943661971830985,0.14084507042253522,0.2676056338028169,0.352112676056338
23,G,0.3787878787878788,0.07575757575757576,0.36363636363636365,0.18181818181818182
23,T,0.2923076923076923,0.38461538461538464,0.2,0.12307692307692308
23,C,0.189873417721519,0.5063291139240507,0.12658227848101267,0.17721518987341772
23,A,0.2,0.16923076923076924,0.36923076923076925,0.26153846153846155
24,A,0.33962264150943394,0.3018867924528302,0.1320754716981132,0.22641509433962265
24,G,0.19148936170212766,0.19148936170212766,0.40425531914893614,0.2127659574468085
24,C,0.10526315789473684,0.42105263157894735,0.2631578947368421,0.21052631578947367
24,T,0.2777777777777778,0.3055555555555556,0.19444444444444445,0.2222222222222222
25,T,0.3142857142857143,0.2857142857142857,0.2,0.2
25,C,0.1,0.4,0.25,0.25
25,A,0.2777777777777778,0.2777777777777778,0.3055555555555556,0.1388888888888889
25,G,0.225,0.325,0.375,0.075
26,G,0.2903225806451613,0.2903225806451613,0.3548387096774194,0.06451612903225806
26,A,0.14285714285714285,0.38095238095238093,0.38095238095238093,0.09523809523809523
26,T,0.2,0.15,0.3,0.35
26,C,0.25,0.3,0.25,0.2
27,A,0.35294117647058826,0.17647058823529413,0.35294117647058826,0.11764705882352941
27,C,0.24,0.28,0.28,0.2
27,T,0.15789473684210525,0.3157894736842105,0.42105263157894735,0.10526315789473684
27,G,0.21739130434782608,0.043478260869565216,0.5217391304347826,0.21739130434782608
28,A,0.2,0.13333333333333333,0.6,0.06666666666666667
28,G,0.16666666666666666,0.0,0.4583333333333333,0.375
28,T,0.4166666666666667,0.16666666666666666,0.4166666666666667,0.0
28,C,0.0625,0.5625,0.125,0.25
29,C,0.09090909090909091,0.45454545454545453,0.09090909090909091,0.36363636363636365
29,G,0.4090909090909091,0.09090909090909091,0.2727272727272727,0.22727272727272727
29,A,0.36363636363636365,0.18181818181818182,0.18181818181818182,0.2727272727272727
29,T,0.09090909090909091,0.09090909090909091,0.6363636363636364,0.18181818181818182
30,T,0.08333333333333333,0.3333333333333333,0.25,0.3333333333333333
30,G,0.0,0.1111111111111111,0.5555555555555556,0.3333333333333333
30,C,0.0,0.2857142857142857,0.5714285714285714,0.14285714285714285
30,A,0.07692307692307693,0.0,0.46153846153846156,0.46153846153846156
31,T,0.3333333333333333,0.2222222222222222,0.3333333333333333,0.1111111111111111
31,G,0.25,0.0,0.6666666666666666,0.08333333333333333
31,C,0.0,0.5,0.3333333333333333,0.16666666666666666
31,A,0.0,1.0,0.0,0.0
32,C,0.0,0.4,0.4,0.2
32,T,0.0,0.0,0.5,0.5
32,A,0.25,0.25,0.5,0.0
32,G,0.1,0.0,0.7,0.2
33,A,0.0,0.0,1.0,0.0
33,T,0.0,0.25,0.5,0.25
33,G,0.2222222222222222,0.2222222222222222,0.5555555555555556,0.0
33,C,0.0,1.0,0.0,0.0
34,G,0.0,0.14285714285714285,0.7142857142857143,0.14285714285714285
34,C,0.0,0.8,0.0,0.2
34,A,1.0,0.0,0.0,0.0
35,C,0.5,0.0,0.0,0.5
35,G,0.0,0.0,0.6666666666666666,0.3333333333333333
35,T,0.0,0.0,1.0,0.0
35,A,1.0,0.0,0.0,0.0
36,G,0.0,1.0,0.0,0.0
36,A,0.5,0.0,0.5,0.0
36,T,0.0,0.0,0.6666666666666666,0.3333333333333333
37,A,1.0,0.0,0.0,0.0
37,C,1.0,0.0,0.0,0.0
38,A,0.0,1.0,0.0,0.0
