Length,Base,A,C,G,T
0,G,0.27737036796677267,0.11350509442533584,0.5235901096761633,0.0855344279317282
0,T,0.174496644295302,0.4118297809572977,0.27774909654104285,0.1359244782063574
0,C,0.14264054117098204,0.3595754606951248,0.26405411709820387,0.23372988103568929
0,A,0.30707522356654393,0.13203577064702787,0.46002104155707524,0.10086796422935297
1,A,0.18449781659388648,0.149235807860262,0.48624454148471613,0.18002183406113537
1,C,0.1293317499730109,0.36208571737018247,0.32775558674295585,0.18082694591385082
1,G,0.16507082896117523,0.09404512067156348,0.6464454354669464,0.0944386149003148
1,T,0.247513389441469,0.3163733741392502,0.29609793420045905,0.14001530221882172
2,T,0.16364024781029696,0.38175603503524885,0.2960905789361248,0.1585131382183294
2,A,0.21223273746933052,0.1817385208552401,0.4831756046267087,0.12285313704872064
2,G,0.2188463232056363,0.07554884569415612,0.6255897339120589,0.08001509718814871
2,C,0.11336227689339122,0.44573082489146165,0.27110467920887604,0.1698022190062711
3,C,0.12698412698412698,0.46946778711484594,0.20093370681605977,0.20261437908496732
3,T,0.17603359173126615,0.2884366925064599,0.32558139534883723,0.2099483204134367
3,G,0.20489849593161832,0.08087449658913455,0.6345853538259226,0.07964165365332457
3,A,0.21307659754549302,0.13034278459585272,0.5141768937790944,0.14240372407955987
4,A,0.1941112322791712,0.14558342420937842,0.4468375136314068,0.21346782988004362
4,T,0.1724274930472785,0.3118792212951927,0.26976559396106475,0.24592769169646406
4,G,0.19152653417776808,0.10537235204193056,0.6065734876610613,0.09652762611924001
4,C,0.10225485055060304,0.4221289984268485,0.1924488725747247,0.2831672784478238
5,A,0.24023769100169778,0.16171477079796265,0.3722410865874363,0.22580645161290322
5,T,0.29134762633996936,0.26263399693721284,0.21362940275650844,0.23238897396630934
5,G,0.19847856154910096,0.09474412171507607,0.5477178423236515,0.1590594744121715
5,C,0.1201939729823346,0.4638032559750606,0.18046414963630067,0.23553862140630413
6,C,0.1311163895486936,0.3439429928741093,0.16009501187648456,0.3648456057007126
6,G,0.24782478247824782,0.126012601260126,0.49234923492349236,0.1338133813381338
6,A,0.253889234598631,0.16677037958929683,0.31673926571250777,0.26260112009956443
6,T,0.218848167539267,0.28638743455497384,0.20523560209424083,0.2895287958115183
7,A,0.2150461320085167,0.20652945351312987,0.2704045422285309,0.3080198722498226
7,G,0.22905894519131334,0.12874870734229577,0.4937952430196484,0.1483971044467425
7,C,0.15793357933579336,0.33210332103321033,0.16531365313653137,0.34464944649446494
7,T,0.22715894868585731,0.246558197747184,0.19899874843554444,0.32728410513141426
8,C,0.11445198836081474,0.3734238603297769,0.2376333656644035,0.27449078564500484
8,A,0.23305588585017836,0.23305588585017836,0.30083234244946494,0.23305588585017836
8,T,0.2909090909090909,0.22529644268774704,0.24347826086956523,0.24031620553359684
8,G,0.2582995951417004,0.10931174089068826,0.5068825910931174,0.12550607287449392
9,C,0.16358024691358025,0.33641975308641975,0.1882716049382716,0.3117283950617284
9,T,0.25910364145658266,0.2689075630252101,0.22549019607843138,0.24649859943977592
9,A,0.22712933753943218,0.16246056782334384,0.3186119873817035,0.2917981072555205
9,G,0.23180291153415453,0.1623740201567749,0.45352743561030234,0.1522956326987682
10,G,0.22323049001814882,0.12704174228675136,0.4863883847549909,0.16333938294010888
10,C,0.15022421524663676,0.36995515695067266,0.18834080717488788,0.2914798206278027
10,T,0.22180451127819548,0.231203007518797,0.28383458646616544,0.2631578947368421
10,A,0.22991071428571427,0.21651785714285715,0.27901785714285715,0.27455357142857145
11,C,0.2623456790123457,0.23765432098765432,0.23765432098765432,0.2623456790123457
11,A,0.23107569721115537,0.16733067729083664,0.3745019920318725,0.22709163346613545
11,G,0.32195121951219513,0.0951219512195122,0.4073170731707317,0.17560975609756097
11,T,0.266304347826087,0.20380434782608695,0.19021739130434784,0.33967391304347827
12,T,0.2928870292887029,0.24686192468619247,0.19665271966527198,0.26359832635983266
12,C,0.16,0.3142857142857143,0.22285714285714286,0.3028571428571429
12,A,0.24615384615384617,0.18974358974358974,0.2923076923076923,0.2717948717948718
12,G,0.24897959183673468,0.15918367346938775,0.4163265306122449,0.17551020408163265
13,C,0.17647058823529413,0.46218487394957986,0.15966386554621848,0.20168067226890757
13,G,0.19254658385093168,0.19875776397515527,0.40372670807453415,0.20496894409937888
13,A,0.19727891156462585,0.2108843537414966,0.35374149659863946,0.23809523809523808
13,T,0.2958579881656805,0.24260355029585798,0.17751479289940827,0.28402366863905326
14,A,0.2558139534883721,0.18604651162790697,0.3953488372093023,0.16279069767441862
14,T,0.22727272727272727,0.19090909090909092,0.3181818181818182,0.2636363636363636
14,C,0.16129032258064516,0.20161290322580644,0.23387096774193547,0.4032258064516129
14,G,0.2761904761904762,0.17142857142857143,0.41904761904761906,0.13333333333333333
15,C,0.1864406779661017,0.3559322033898305,0.23728813559322035,0.22033898305084745
15,T,0.26666666666666666,0.29333333333333333,0.2,0.24
15,G,0.23863636363636365,0.10227272727272728,0.42045454545454547,0.23863636363636365
15,A,0.22727272727272727,0.16666666666666666,0.3333333333333333,0.2727272727272727
16,G,0.1724137931034483,0.13793103448275862,0.5862068965517241,0.10344827586206896
16,T,0.3050847457627119,0.23728813559322035,0.3220338983050847,0.13559322033898305
16,A,0.2,0.21818181818181817,0.41818181818181815,0.16363636363636364
16,C,0.26666666666666666,0.2,0.3111111111111111,0.2222222222222222
17,T,0.21739130434782608,0.17391304347826086,0.30434782608695654,0.30434782608695654
17,A,0.24324324324324326,0.24324324324324326,0.3783783783783784,0.13513513513513514
17,G,0.38235294117647056,0.16176470588235295,0.36764705882352944,0.08823529411764706
17,C,0.2702702702702703,0.24324324324324326,0.21621621621621623,0.2702702702702703
18,A,0.2894736842105263,0.10526315789473684,0.2894736842105263,0.3157894736842105
18,G,0.36363636363636365,0.1590909090909091,0.3181818181818182,0.1590909090909091
18,T,0.22727272727272727,0.36363636363636365,0.3181818181818182,0.09090909090909091
18,C,0.23809523809523808,0.23809523809523808,0.2857142857142857,0.23809523809523808
19,A,0.2857142857142857,0.17857142857142858,0.21428571428571427,0.32142857142857145
19,G,0.42424242424242425,0.30303030303030304,0.21212121212121213,0.06060606060606061
19,C,0.1111111111111111,0.2777777777777778,0.2777777777777778,0.3333333333333333
19,T,0.2777777777777778,0.2222222222222222,0.2777777777777778,0.2222222222222222
20,A,0.19230769230769232,0.23076923076923078,0.3076923076923077,0.2692307692307692
20,C,0.15,0.3,0.4,0.15
20,G,0.3684210526315789,0.10526315789473684,0.2631578947368421,0.2631578947368421
20,T,0.26666666666666666,0.13333333333333333,0.2,0.4
21,G,0.3181818181818182,0.18181818181818182,0.4090909090909091,0.09090909090909091
21,A,0.26666666666666666,0.4666666666666667,0.13333333333333333,0.13333333333333333
21,C,0.08333333333333333,0.16666666666666666,0.6666666666666666,0.08333333333333333
21,T,0.23076923076923078,0.15384615384615385,0.5384615384615384,0.07692307692307693
22,A,0.35714285714285715,0.2857142857142857,0.21428571428571427,0.14285714285714285
22,C,0.25,0.0,0.5,0.25
22,G,0.2857142857142857,0.2857142857142857,0.23809523809523808,0.19047619047619047
22,T,0.2,0.4,0.2,0.2
23,C,0.3,0.1,0.5,0.1
23,A,0.26666666666666666,0.06666666666666667,0.4666666666666667,0.2
23,G,0.2,0.13333333333333333,0.4666666666666667,0.2
23,T,0.0,0.2222222222222222,0.5555555555555556,0.2222222222222222
24,C,0.3333333333333333,0.16666666666666666,0.16666666666666666,0.3333333333333333
24,T,0.4444444444444444,0.2222222222222222,0.2222222222222222,0.1111111111111111
24,G,0.18181818181818182,0.4090909090909091,0.36363636363636365,0.045454545454545456
24,A,0.375,0.0,0.375,0.25
25,A,0.36363636363636365,0.2727272727272727,0.09090909090909091,0.2727272727272727
25,G,0.3076923076923077,0.15384615384615385,0.46153846153846156,0.07692307692307693
25,C,0.6363636363636364,0.09090909090909091,0.2727272727272727,0.0
25,T,0.16666666666666666,0.0,0.3333333333333333,0.5
26,C,0.6,0.0,0.2,0.2
26,A,0.06666666666666667,0.06666666666666667,0.3333333333333333,0.5333333333333333
26,G,0.2727272727272727,0.36363636363636365,0.18181818181818182,0.18181818181818182
26,T,0.5714285714285714,0.0,0.2857142857142857,0.14285714285714285
27,T,0.6,0.1,0.1,0.2
27,C,0.4,0.0,0.4,0.2
27,G,0.125,0.375,0.25,0.25
27,A,0.5,0.25,0.125,0.125
28,C,0.5,0.0,0.5,0.0
28,A,0.07692307692307693,0.46153846153846156,0.38461538461538464,0.07692307692307693
28,G,0.4,0.4,0.0,0.2
28,T,0.2,0.4,0.4,0.0
29,A,0.0,0.16666666666666666,0.8333333333333334,0.0
29,T,0.5,0.0,0.0,0.5
29,G,0.25,0.375,0.25,0.125
29,C,0.1,0.2,0.7,0.0
30,G,0.4166666666666667,0.08333333333333333,0.25,0.25
30,T,0.0,0.5,0.0,0.5
30,A,0.6666666666666666,0.3333333333333333,0.0,0.0
30,C,0.3333333333333333,0.3333333333333333,0.16666666666666666,0.16666666666666666
31,A,0.0,0.0,0.8,0.2
31,C,0.0,0.4,0.6,0.0
31,T,0.0,0.0,0.75,0.25
31,G,0.0,0.5,0.5,0.0
32,T,0.0,0.0,0.0,1.0
32,C,0.5,0.0,0.5,0.0
32,G,0.5,0.25,0.0,0.25
33,G,1.0,0.0,0.0,0.0
33,T,1.0,0.0,0.0,0.0
33,A,0.25,0.0,0.5,0.25
33,C,0.5,0.0,0.5,0.0
34,A,0.5,0.5,0.0,0.0
34,G,0.3333333333333333,0.0,0.3333333333333333,0.3333333333333333
34,T,0.0,0.0,1.0,0.0
35,A,0.0,0.0,0.5,0.5
35,C,0.0,0.0,1.0,0.0
35,T,0.0,0.0,0.0,1.0
35,G,0.0,0.0,0.0,1.0
36,G,0.5,0.5,0.0,0.0
36,T,0.0,0.0,1.0,0.0
37,A,1.0,0.0,0.0,0.0
37,G,0.5,0.0,0.0,0.5
37,C,1.0,0.0,0.0,0.0
38,A,0.0,0.0,0.5,0.5
