Length,Base,A,C,G,T
0,G,0.24885040110092974,0.0786854583985824,0.47397386796481933,0.19849027253566853
0,T,0.09426274682707146,0.42708562970427993,0.21038563285358863,0.26826599061506
0,A,0.20806816647090362,0.1640930986359339,0.5395448201912885,0.088293914701874
0,C,0.08791517743648028,0.5886748717641956,0.12369558390285483,0.1997143668964692
1,G,0.1824901416763907,0.06325247987076908,0.651897787968865,0.10235959048397525
1,A,0.18159439106725525,0.1955301653250238,0.5378828010040682,0.08499264260365273
1,C,0.080099451913221,0.46611307360627546,0.20090726575008258,0.25288020873042094
1,T,0.1731919635084787,0.30209965528047633,0.27201156029109647,0.25269682091994844
2,C,0.07482492938679323,0.3908578877876757,0.26611067471127975,0.26820650811425134
2,A,0.1718846155978511,0.16506533755426317,0.5458083616545897,0.11724168519329604
2,T,0.11976781098362886,0.31589108365671786,0.23373089655797924,0.330610208801674
2,G,0.16461172574452715,0.05164408802019497,0.659516311009018,0.12422787522625996
3,A,0.1663766065761431,0.1974145873856434,0.5051978147772431,0.13101099126097032
3,C,0.07602258551638107,0.39569956010767515,0.22510012474558466,0.30317772963035916
3,G,0.1622284122562674,0.06749157015100425,0.6543439378390266,0.1159360797537018
3,T,0.12780325702514672,0.3071631233238758,0.22530996152201796,0.33972365812895955
4,T,0.13765377502613171,0.2693843638605237,0.24392270376028516,0.3490391573530594
4,A,0.1788914884592757,0.20784249339845942,0.47376486201754026,0.13950115612472466
4,G,0.15649897366315277,0.0678078140764708,0.6455615280242146,0.13013168423616184
4,C,0.0714864527925532,0.3774206283244681,0.23453083444148937,0.31656208444148937
5,A,0.19156594964876303,0.20904053405471443,0.4373445612810332,0.16204895501548933
5,G,0.1488459462679872,0.07939945749311353,0.6278570977984314,0.14389749844046792
5,C,0.06228453229142726,0.38907530835823184,0.23542480655787942,0.3132153527924615
5,T,0.13191198267016305,0.2582943792041956,0.23900733477748642,0.3707863033481549
6,C,0.05838119622632805,0.3913915991972874,0.2034230618411644,0.34680414273522014
6,A,0.17968400655835445,0.2675883142047995,0.39670591742435535,0.1560217618124907
6,G,0.13652114468907642,0.09247560228183489,0.606619207015228,0.16438404601386072
6,T,0.11642127282967255,0.25732829136160057,0.22863196288250598,0.39761847292622093
7,G,0.14372897742149893,0.07889383471973252,0.6023484863743479,0.17502870148442062
7,C,0.06790334725169415,0.34858648778150453,0.21483332192484086,0.3686768430419604
7,T,0.13198123202663842,0.22086423490237628,0.25480550930830936,0.39234902376267594
7,A,0.19064383316426994,0.2528193806313026,0.38707560116952083,0.16946118503490662
8,A,0.20471487141259784,0.22316436824450242,0.3826872903466269,0.18943346999627284
8,G,0.13961753257742426,0.07984430529700456,0.6012523269588763,0.17928583516669488
8,C,0.06443401029586468,0.3550941901906432,0.24415907676641965,0.33631272274707247
8,T,0.13197802197802197,0.223021978021978,0.24417582417582417,0.40082417582417584
9,A,0.17776361898693852,0.25326537113730485,0.3840395030264415,0.18493150684931506
9,G,0.15259267253008146,0.07899422651486537,0.6192197701397507,0.14919333081530242
9,C,0.05860562310030395,0.35809270516717323,0.22881838905775076,0.354483282674772
9,T,0.11077760060031892,0.24603695713347715,0.2446299596660726,0.3985554826001313
10,T,0.13889296725884598,0.21891058581706063,0.2747026868301277,0.36749376009396567
10,C,0.06799876084262702,0.32140644361833953,0.24860594795539034,0.36198884758364314
10,A,0.18143564356435643,0.2452970297029703,0.3702970297029703,0.20297029702970298
10,G,0.14851312461847038,0.08249760181390076,0.6128891601988314,0.15610011336879742
11,C,0.07044410413476264,0.32414497192445124,0.25752935171005614,0.34788157223072996
11,T,0.15104533709184872,0.20624853182992717,0.2771905097486493,0.3655156213295748
11,G,0.1551849166062364,0.07773749093546048,0.5859318346627991,0.181145757795504
11,A,0.17020470053070508,0.24450341167551176,0.3737680060652009,0.21152388172858225
12,A,0.18639798488664988,0.3224181360201511,0.30730478589420657,0.18387909319899245
12,G,0.16073452731806848,0.09204262072092496,0.597370210836545,0.14985264112446156
12,C,0.07283035324901875,0.34670737025730486,0.255124291321413,0.3253379851722634
12,T,0.1177406523468576,0.21917263325377884,0.2844073190135243,0.3786793953858393
13,T,0.18549422336328628,0.21052631578947367,0.26765083440308085,0.3363286264441592
13,A,0.15166340508806261,0.26614481409001955,0.34344422700587085,0.23874755381604695
13,G,0.16383307573415765,0.07534775888717156,0.5927357032457496,0.16808346213292116
13,C,0.07951653944020357,0.3333333333333333,0.24491094147582698,0.3422391857506361
14,G,0.1558520315342632,0.09702850212249849,0.5712553062462098,0.17586416009702852
14,T,0.2070657507360157,0.20510304219823355,0.2855740922473013,0.30225711481844947
14,A,0.13675213675213677,0.22507122507122507,0.42735042735042733,0.21082621082621084
14,C,0.0790273556231003,0.3211752786220871,0.24721377912867273,0.3525835866261398
15,A,0.21971252566735114,0.2997946611909651,0.25256673511293637,0.22792607802874743
15,T,0.13166144200626959,0.22413793103448276,0.26332288401253917,0.38087774294670845
15,G,0.18834080717488788,0.09865470852017937,0.5497757847533632,0.16322869955156952
15,C,0.10163934426229508,0.31311475409836065,0.27377049180327867,0.3114754098360656
16,G,0.19552238805970149,0.07164179104477612,0.6074626865671642,0.1253731343283582
16,T,0.12413793103448276,0.24597701149425288,0.2413793103448276,0.38850574712643676
16,C,0.08409090909090909,0.3568181818181818,0.25,0.3090909090909091
16,A,0.1411042944785276,0.2607361963190184,0.34049079754601225,0.25766871165644173
17,C,0.08766233766233766,0.30194805194805197,0.24025974025974026,0.37012987012987014
17,G,0.17832957110609482,0.06320541760722348,0.5643340857787811,0.19413092550790068
17,T,0.13818181818181818,0.1890909090909091,0.33454545454545453,0.3381818181818182
17,A,0.1761904761904762,0.24761904761904763,0.36666666666666664,0.20952380952380953
18,C,0.05,0.40555555555555556,0.24444444444444444,0.3
18,A,0.2198581560283688,0.23404255319148937,0.3404255319148936,0.20567375886524822
18,T,0.2542372881355932,0.16101694915254236,0.25,0.3347457627118644
18,G,0.15833333333333333,0.08888888888888889,0.6166666666666667,0.1361111111111111
19,C,0.10483870967741936,0.3225806451612903,0.1935483870967742,0.3790322580645161
19,T,0.1623931623931624,0.28205128205128205,0.1452991452991453,0.41025641025641024
19,G,0.125,0.07916666666666666,0.6583333333333333,0.1375
19,A,0.11188811188811189,0.4755244755244755,0.2727272727272727,0.13986013986013987
20,T,0.09803921568627451,0.3333333333333333,0.18627450980392157,0.38235294117647056
20,A,0.25,0.21666666666666667,0.43333333333333335,0.1
20,G,0.18128654970760233,0.0935672514619883,0.5614035087719298,0.16374269005847952
20,C,0.04838709677419355,0.31451612903225806,0.4435483870967742,0.1935483870967742
21,A,0.36363636363636365,0.29545454545454547,0.13636363636363635,0.20454545454545456
21,C,0.2153846153846154,0.3230769230769231,0.18461538461538463,0.27692307692307694
21,G,0.12578616352201258,0.1069182389937107,0.4088050314465409,0.3584905660377358
21,T,0.10526315789473684,0.3508771929824561,0.24561403508771928,0.2982456140350877
22,T,0.1,0.125,0.5375,0.2375
22,G,0.25925925925925924,0.05555555555555555,0.5,0.18518518518518517
22,C,0.06557377049180328,0.18032786885245902,0.21311475409836064,0.5409836065573771
22,A,0.1875,0.22916666666666666,0.4375,0.14583333333333334
23,T,0.47058823529411764,0.11764705882352941,0.11764705882352941,0.29411764705882354
23,G,0.3333333333333333,0.011904761904761904,0.44047619047619047,0.21428571428571427
23,A,0.23076923076923078,0.23076923076923078,0.3076923076923077,0.23076923076923078
23,C,0.2916666666666667,0.5,0.125,0.08333333333333333
24,T,0.34375,0.28125,0.1875,0.1875
24,C,0.19047619047619047,0.5238095238095238,0.19047619047619047,0.09523809523809523
24,A,0.29411764705882354,0.5882352941176471,0.058823529411764705,0.058823529411764705
24,G,0.2631578947368421,0.13157894736842105,0.47368421052631576,0.13157894736842105
25,G,0.0,0.3333333333333333,0.26666666666666666,0.4
25,T,0.2,0.1,0.2,0.5
25,C,0.25806451612903225,0.3548387096774194,0.03225806451612903,0.3548387096774194
25,A,0.08571428571428572,0.37142857142857144,0.45714285714285713,0.08571428571428572
26,A,0.2,0.3,0.5,0.0
26,G,0.45454545454545453,0.0,0.36363636363636365,0.18181818181818182
26,T,0.17647058823529413,0.29411764705882354,0.29411764705882354,0.23529411764705882
26,C,0.25,0.5833333333333334,0.08333333333333333,0.08333333333333333
27,G,0.16666666666666666,0.0,0.5833333333333334,0.25
27,C,0.2,0.65,0.0,0.15
27,T,0.16666666666666666,0.16666666666666666,0.0,0.6666666666666666
27,A,0.09090909090909091,0.2727272727272727,0.36363636363636365,0.2727272727272727
28,C,0.0,0.375,0.125,0.5
28,T,0.2727272727272727,0.09090909090909091,0.36363636363636365,0.2727272727272727
28,G,0.1111111111111111,0.4444444444444444,0.3333333333333333,0.1111111111111111
28,A,0.0,0.42857142857142855,0.42857142857142855,0.14285714285714285
29,A,0.0,0.0,1.0,0.0
29,C,0.25,0.125,0.125,0.5
29,G,0.0,0.0,0.6666666666666666,0.3333333333333333
29,T,0.0,0.5,0.3333333333333333,0.16666666666666666
30,A,0.0,0.5,0.5,0.0
30,T,0.125,0.0,0.375,0.5
30,G,0.1,0.0,0.4,0.5
30,C,0.0,0.5,0.0,0.5
31,C,0.0,0.0,0.5,0.5
31,A,0.0,0.0,0.5,0.5
31,G,0.3333333333333333,0.0,0.6666666666666666,0.0
31,T,0.16666666666666666,0.16666666666666666,0.5,0.16666666666666666
32,C,1.0,0.0,0.0,0.0
32,A,0.0,0.0,0.5,0.5
32,G,0.0,0.0,1.0,0.0
32,T,0.0,0.3333333333333333,0.3333333333333333,0.3333333333333333
33,G,0.14285714285714285,0.0,0.7142857142857143,0.14285714285714285
33,T,0.0,0.0,0.5,0.5
33,C,0.0,0.0,0.0,1.0
34,G,0.3333333333333333,0.0,0.3333333333333333,0.3333333333333333
34,A,0.0,0.0,0.0,1.0
34,T,0.0,0.5,0.0,0.5
35,G,0.0,0.0,1.0,0.0
35,T,0.5,0.0,0.5,0.0
35,A,0.0,0.0,1.0,0.0
35,C,1.0,0.0,0.0,0.0
36,G,0.0,0.0,1.0,0.0
36,A,0.0,1.0,0.0,0.0
37,C,0.0,0.0,1.0,0.0
37,G,1.0,0.0,0.0,0.0
38,A,0.0,0.0,1.0,0.0
