Length,Base,A,C,G,T
0,C,0.12788278134211895,0.5390150858331888,0.13239119126062077,0.20071094156407143
0,A,0.2158311345646438,0.17660510114335973,0.47985927880386986,0.12770448548812666
0,G,0.25250075780539555,0.09906032130948772,0.42873598060018187,0.21970294028493484
0,T,0.1448493027440396,0.3469785575048733,0.27125506072874495,0.2369170790223422
1,A,0.16384009691096305,0.25847970926711084,0.4642640823743186,0.1134161114476075
1,C,0.08839839077960204,0.4265521365662716,0.24214417744916822,0.24290529520495813
1,G,0.17927710843373493,0.11180722891566265,0.5734939759036145,0.13542168674698796
1,T,0.20390422449290835,0.2519444868079915,0.2781759951197194,0.2659752935793808
2,A,0.19393203883495147,0.20946601941747572,0.4463592233009709,0.15024271844660195
2,G,0.19624365482233502,0.07035532994923858,0.5844670050761421,0.14893401015228427
2,T,0.16516308119361556,0.2914642609299098,0.23964839232014803,0.30372426555632664
2,C,0.0898927330412449,0.35156368031424684,0.2722465629249131,0.2862970237195951
3,T,0.18635809987819732,0.2862362971985384,0.2621802679658953,0.26522533495736905
3,G,0.15709131279489313,0.09242298084929226,0.617540938107133,0.13294476824868165
3,A,0.18262295081967214,0.2275409836065574,0.4252459016393443,0.16459016393442624
3,C,0.09749806551457313,0.4126902244003095,0.25767345885994325,0.2321382512251741
4,C,0.08602150537634409,0.3057795698924731,0.28293010752688175,0.32526881720430106
4,G,0.16601283880171183,0.08487874465049929,0.583095577746077,0.16601283880171183
4,T,0.18021032504780116,0.2447418738049713,0.27724665391969405,0.2978011472275335
4,A,0.16005665722379603,0.2577903682719547,0.3597733711048159,0.22237960339943344
5,C,0.1051255230125523,0.3138075313807531,0.2662133891213389,0.3148535564853556
5,G,0.16763173132599885,0.14968152866242038,0.5254777070063694,0.15720903300521136
5,T,0.18032786885245902,0.2384981491274458,0.25594923320994184,0.32522474881015334
5,A,0.18991964937910885,0.21329437545653762,0.36742147552958365,0.2293644996347699
6,G,0.167337807606264,0.11677852348993288,0.5306487695749441,0.18523489932885906
6,T,0.1699438202247191,0.2521067415730337,0.22331460674157302,0.35463483146067415
6,A,0.13708086785009863,0.32938856015779094,0.3076923076923077,0.22583826429980275
6,C,0.10054719562243503,0.3590971272229822,0.19767441860465115,0.3426812585499316
7,C,0.12794612794612795,0.2946127946127946,0.21717171717171718,0.3602693602693603
7,G,0.18552354181307099,0.11314125087842586,0.5052705551651441,0.1960646521433591
7,T,0.13577023498694518,0.18624891209747607,0.24804177545691905,0.4299390774586597
7,A,0.14814814814814814,0.2548148148148148,0.3718518518518519,0.22518518518518518
8,A,0.10927835051546392,0.24948453608247423,0.44329896907216493,0.1979381443298969
8,C,0.11432706222865413,0.28075253256150506,0.29232995658465993,0.3125904486251809
8,G,0.20414507772020726,0.12020725388601036,0.44455958549222796,0.23108808290155441
8,T,0.197352587244284,0.18531889290012032,0.2286401925391095,0.38868832731648617
9,T,0.2014519056261343,0.26497277676951,0.25226860254083483,0.2813067150635209
9,A,0.15273775216138327,0.1729106628242075,0.38904899135446686,0.28530259365994237
9,C,0.09195402298850575,0.33793103448275863,0.25517241379310346,0.31494252873563217
9,G,0.17320261437908496,0.12418300653594772,0.4918300653594771,0.2107843137254902
10,A,0.1346153846153846,0.30288461538461536,0.2932692307692308,0.2692307692307692
10,G,0.1756198347107438,0.12396694214876033,0.40289256198347106,0.2975206611570248
10,T,0.1347305389221557,0.24850299401197604,0.25149700598802394,0.3652694610778443
10,C,0.09060402684563758,0.33557046979865773,0.21140939597315436,0.3624161073825503
11,C,0.09223300970873786,0.25728155339805825,0.25728155339805825,0.3932038834951456
11,T,0.15976331360946747,0.14201183431952663,0.42011834319526625,0.2781065088757396
11,G,0.13909774436090225,0.14661654135338345,0.5263157894736842,0.18796992481203006
11,A,0.2127659574468085,0.19148936170212766,0.3120567375886525,0.28368794326241137
12,G,0.15,0.30416666666666664,0.38333333333333336,0.1625
12,A,0.1188118811881188,0.19801980198019803,0.24752475247524752,0.43564356435643564
12,T,0.21142857142857144,0.2,0.24571428571428572,0.34285714285714286
12,C,0.16546762589928057,0.2446043165467626,0.2014388489208633,0.38848920863309355
13,G,0.22058823529411764,0.11029411764705882,0.41911764705882354,0.25
13,T,0.19858156028368795,0.18439716312056736,0.24822695035460993,0.36879432624113473
13,C,0.19047619047619047,0.21428571428571427,0.21428571428571427,0.38095238095238093
13,A,0.1686746987951807,0.26506024096385544,0.30120481927710846,0.26506024096385544
14,C,0.07575757575757576,0.3181818181818182,0.21212121212121213,0.3939393939393939
14,G,0.23636363636363636,0.09090909090909091,0.4818181818181818,0.19090909090909092
14,A,0.18571428571428572,0.18571428571428572,0.2571428571428571,0.37142857142857144
14,T,0.1743119266055046,0.11009174311926606,0.3669724770642202,0.3486238532110092
15,T,0.14130434782608695,0.1956521739130435,0.41304347826086957,0.25
15,G,0.2247191011235955,0.14606741573033707,0.43820224719101125,0.19101123595505617
15,C,0.14893617021276595,0.3404255319148936,0.10638297872340426,0.40425531914893614
15,A,0.20408163265306123,0.14285714285714285,0.22448979591836735,0.42857142857142855
16,C,0.14705882352941177,0.20588235294117646,0.2647058823529412,0.38235294117647056
16,A,0.21428571428571427,0.19047619047619047,0.35714285714285715,0.23809523809523808
16,T,0.1896551724137931,0.1724137931034483,0.3448275862068966,0.29310344827586204
16,G,0.2727272727272727,0.18181818181818182,0.3939393939393939,0.15151515151515152
17,G,0.14285714285714285,0.19642857142857142,0.42857142857142855,0.23214285714285715
17,A,0.19444444444444445,0.3611111111111111,0.3333333333333333,0.1111111111111111
17,C,0.13793103448275862,0.1724137931034483,0.27586206896551724,0.41379310344827586
17,T,0.10526315789473684,0.3157894736842105,0.3684210526315789,0.21052631578947367
18,A,0.14285714285714285,0.14285714285714285,0.3333333333333333,0.38095238095238093
18,G,0.32558139534883723,0.11627906976744186,0.3953488372093023,0.16279069767441862
18,C,0.0625,0.21875,0.375,0.34375
18,T,0.029411764705882353,0.14705882352941177,0.4411764705882353,0.38235294117647056
19,C,0.2,0.13333333333333333,0.26666666666666666,0.4
19,T,0.20588235294117646,0.23529411764705882,0.11764705882352941,0.4411764705882353
19,G,0.22727272727272727,0.11363636363636363,0.11363636363636363,0.5454545454545454
19,A,0.1111111111111111,0.16666666666666666,0.2777777777777778,0.4444444444444444
20,C,0.11764705882352941,0.23529411764705882,0.23529411764705882,0.4117647058823529
20,A,0.23809523809523808,0.14285714285714285,0.14285714285714285,0.47619047619047616
20,T,0.15384615384615385,0.19230769230769232,0.4230769230769231,0.23076923076923078
20,G,0.18181818181818182,0.09090909090909091,0.18181818181818182,0.5454545454545454
21,A,0.375,0.0625,0.5625,0.0
21,G,0.21428571428571427,0.21428571428571427,0.35714285714285715,0.21428571428571427
21,C,0.2222222222222222,0.1111111111111111,0.5555555555555556,0.1111111111111111
21,T,0.25,0.09375,0.40625,0.25
22,C,0.3,0.2,0.3,0.2
22,A,0.14285714285714285,0.3333333333333333,0.2857142857142857,0.23809523809523808
22,G,0.22580645161290322,0.03225806451612903,0.41935483870967744,0.3225806451612903
22,T,0.2857142857142857,0.14285714285714285,0.5,0.07142857142857142
23,T,0.29411764705882354,0.11764705882352941,0.4117647058823529,0.17647058823529413
23,C,0.16666666666666666,0.0,0.4166666666666667,0.4166666666666667
23,G,0.2857142857142857,0.03571428571428571,0.35714285714285715,0.32142857142857145
23,A,0.375,0.25,0.1875,0.1875
24,T,0.2,0.15,0.2,0.45
24,G,0.25,0.08333333333333333,0.08333333333333333,0.5833333333333334
24,C,0.5,0.0,0.16666666666666666,0.3333333333333333
24,A,0.15,0.2,0.2,0.45
25,C,0.1111111111111111,0.2222222222222222,0.3333333333333333,0.3333333333333333
25,T,0.18181818181818182,0.15151515151515152,0.42424242424242425,0.24242424242424243
25,G,0.0,0.1,0.3,0.6
25,A,0.4,0.06666666666666667,0.0,0.5333333333333333
26,T,0.0,0.56,0.28,0.16
26,C,0.3333333333333333,0.0,0.1111111111111111,0.5555555555555556
26,A,0.38461538461538464,0.0,0.15384615384615385,0.46153846153846156
26,G,0.1,0.25,0.4,0.25
27,T,0.05263157894736842,0.3157894736842105,0.10526315789473684,0.5263157894736842
27,G,0.058823529411764705,0.0,0.17647058823529413,0.7647058823529411
27,A,0.1,0.1,0.3,0.5
27,C,0.05263157894736842,0.0,0.10526315789473684,0.8421052631578947
28,A,0.25,0.0,0.25,0.5
28,C,0.0,0.5714285714285714,0.14285714285714285,0.2857142857142857
28,T,0.0,0.5238095238095238,0.09523809523809523,0.38095238095238093
28,G,0.1,0.2,0.1,0.6
29,A,0.5,0.5,0.0,0.0
29,C,0.03571428571428571,0.10714285714285714,0.0,0.8571428571428571
29,G,0.2857142857142857,0.14285714285714285,0.5714285714285714,0.0
29,T,0.0,0.44,0.44,0.12
30,G,0.0,0.0,0.7692307692307693,0.23076923076923078
30,C,0.2,0.0,0.13333333333333333,0.6666666666666666
30,T,0.041666666666666664,0.041666666666666664,0.125,0.7916666666666666
30,A,0.3333333333333333,0.0,0.6666666666666666,0.0
31,T,0.034482758620689655,0.0,0.6896551724137931,0.27586206896551724
31,C,0.0,0.0,0.0,1.0
31,G,0.0,0.0,0.6923076923076923,0.3076923076923077
31,A,0.0,0.4,0.2,0.4
32,G,0.07142857142857142,0.0,0.8214285714285714,0.10714285714285714
32,T,0.0,0.23076923076923078,0.6923076923076923,0.07692307692307693
32,A,0.0,0.0,1.0,0.0
32,C,0.0,0.0,0.5,0.5
33,G,0.06060606060606061,0.030303030303030304,0.9090909090909091,0.0
33,C,0.5,0.5,0.0,0.0
33,T,0.25,0.25,0.25,0.25
33,A,1.0,0.0,0.0,0.0
34,T,0.0,1.0,0.0,0.0
34,G,0.08,0.0,0.92,0.0
34,A,0.2,0.4,0.2,0.2
34,C,0.0,0.0,1.0,0.0
35,C,0.0,0.0,0.6666666666666666,0.3333333333333333
35,G,0.10526315789473684,0.0,0.8421052631578947,0.05263157894736842
35,T,0.0,0.0,0.0,1.0
35,A,0.0,0.0,1.0,0.0
36,G,0.5294117647058824,0.0,0.4117647058823529,0.058823529411764705
36,A,0.0,0.5,0.5,0.0
36,T,0.0,0.5,0.5,0.0
37,G,0.6666666666666666,0.0,0.16666666666666666,0.16666666666666666
37,C,0.0,1.0,0.0,0.0
37,A,0.0,0.0,1.0,0.0
37,T,0.0,0.0,1.0,0.0
38,T,0.0,0.0,1.0,0.0
38,A,0.0,0.0,1.0,0.0
38,G,0.0,0.0,1.0,0.0
