kmer,A,C,G,T
CTGGG,0.0027856011062331867,0.0012980993546459793,0.9937389419027396,0.002177357636381275
TGGGT,0.03426643634759533,0.009475195378425111,0.9481126008185478,0.008145767455431793
GGGTT,0.17967137097084585,0.10831394802839517,0.6865045947406423,0.025510086260116666
GGTTC,0.012574907462723337,0.02101258260607143,0.012944440680680187,0.9534680692505251
GTTCT,0.0009144598294665592,0.007285492583109306,0.001074268343353919,0.9907257792440702
TTCTC,0.004173187271778821,0.927849282644722,0.013683512006784977,0.05429401807671425
TCTCA,0.004322615590896578,0.006077235230915403,0.009025280375076586,0.9805748688031114
CTCAC,0.002307649811773434,0.9921615670552211,0.0011475112265111396,0.004383271906494408
TCACT,0.9158182200773719,0.02721889112674786,0.03597120638583721,0.02099168241004308
CACTC,0.02607920535398788,0.9011291459579629,0.03385839774561455,0.03893325094243469
ACTCA,0.0012322815141792276,0.006104587673988739,0.0012305058924008715,0.9914326249194312
CTCAG,0.008365751138034004,0.9519480935483526,0.019824392188406467,0.019861763125206874
TCAGC,0.919934711338837,0.013454776767302544,0.05388621318775034,0.012724298706110151
CAGCA,0.1664262303335783,0.16489550284992227,0.6431041391178842,0.025574127698615213
AGCAC,0.0491772414783645,0.7643987593601155,0.021796598721317968,0.16462740044020202
GCACT,0.8704945491104094,0.01302119218922554,0.06755337834821645,0.048930880352148626
CACTA,0.044812240725924705,0.8368420453218913,0.08920451795308366,0.02914119599910028
ACTAG,0.05220267419443262,0.07914906763631077,0.031264055876700524,0.8373842022925561
CTAGT,0.710803718451253,0.11203453900475377,0.1337649415913001,0.043396800952693125
TAGTG,0.16115694480470458,0.19455015660024544,0.606778525828394,0.03751437276665596
AGTGG,0.03905070281376902,0.02982789568155422,0.019431078664528142,0.9116903228401486
GTGGA,0.04274084783093836,0.01522563868701668,0.9349795755993907,0.007053937882654299
TGGAG,0.05110314352883619,0.027539832775586772,0.9173221907279908,0.004034832967586226
GGAGT,0.9045280440820715,0.032403570468596,0.04431726547800376,0.018751119971328733
GAGTG,0.06648543015208189,0.028243778977310906,0.8937358613120703,0.011534929558536968
GTGGG,0.011688941628916164,0.014220318576712198,0.9635018319460203,0.010588907848351248
GGGTG,0.013135927540927652,0.11941549945462775,0.8621036776145097,0.0053448953899349755
GGTGT,0.0221198339033939,0.021815636724266278,0.011512502998691705,0.9445520263736481
CTGGA,0.014189717667427722,0.004870072342342799,0.9785950322224641,0.002345177767765386
GGAGG,0.9403946954683006,0.018494318427680033,0.029857463067616337,0.011253523036403026
GAGGC,0.018997764799192445,0.006555627658807412,0.9601990049751243,0.014247602566875767
AGGCA,0.15203794259109366,0.01559312056405488,0.8040814597283635,0.028287477116487946
GGCAC,0.00954218248762581,0.9693075964856195,0.013382866843782038,0.007767354182972672
GCACC,0.8638313206419519,0.03416741373552005,0.04174576807467173,0.06025549754785635
CACCT,0.05494851670781126,0.762643392934342,0.10341717933648902,0.07899091102135772
ACCTT,0.03393512015367675,0.8267543345017163,0.05286005949701524,0.0864504858475917
CCTTC,0.011557396447652328,0.054914537509091525,0.011359745203273035,0.9221683208399831
CTTCA,0.0033347343488459367,0.008040328469601931,0.0012275839321556434,0.9873973532493965
TTCAG,0.011365519543614718,0.9357698521039862,0.008406407038920318,0.04445822131347874
AGCAG,0.04798047993943143,0.7441349931614848,0.05063748266612603,0.15724704423295777
GCAGC,0.8626726206593899,0.02064328331730455,0.09307976731808887,0.023604328705216667
CAGCT,0.34154369386184574,0.1809850464457016,0.44572980994624906,0.03174144974620355
AGCTA,0.0552108708072897,0.6369924058117694,0.04480254289353471,0.2629941804874062
GCTAT,0.040501233434159664,0.07822473716772023,0.016769885541246657,0.8645041438568735
CTATG,0.8302207474855986,0.04681069989513764,0.014101870889935062,0.10886668172932873
TATGC,0.010132274596390302,0.06980776632163185,0.005756882127737152,0.9143030769542407
ATGCT,0.094009351293394,0.05961544034361153,0.7792290915688427,0.06714611679415185
TGCTA,0.032774829975580344,0.7688635486754242,0.12076057731499903,0.07760104403399641
TGGAT,0.02079345381678097,0.013815824856134955,0.9615068464954827,0.0038838748316013753
GGATA,0.9357869894868037,0.022454502440769505,0.030490865867309844,0.011267642205116961
GATAC,0.02459990697514169,0.023062412789195335,0.030022050336784442,0.9223156298988785
ATACA,0.9430539788588231,0.011609269736107493,0.0054946588752000595,0.03984209252986936
TACAC,0.002139231834006795,0.9419322063915959,0.0015380098152990031,0.05439055195909826
ACACC,0.9061227543112883,0.03455033584319129,0.030712127942726108,0.028614781902794338
TTCAC,0.005958148690464062,0.9537499823382387,0.0061726926117320205,0.0341191763595652
TCACC,0.9080096925774307,0.025672013994112626,0.04383974562028259,0.022478547808174126
CACCA,0.03299858455915289,0.7240069517854263,0.15279146435418273,0.09020299930123807
ACCAG,0.02841836890036264,0.8487195388705405,0.04288875748558169,0.07997333474351517
CCAGT,0.8953237354206464,0.012502135457919832,0.08156672723601857,0.01060740188541521
CAGTT,0.31732523728475703,0.13816949568364076,0.533695202171213,0.010810064860389162
AGTTA,0.03135345961390195,0.05145013530060923,0.015381940770079669,0.9018144643154091
GTTAT,0.01882630029440628,0.06052208047105005,0.009711481844946026,0.9109401373895977
TTATG,0.8585022625068296,0.03256819041481627,0.010552527983637103,0.09837701909471708
TATGA,0.002503565953870466,0.044614373901360686,0.003776064015530395,0.9491059961292384
ATGAT,0.0486909242994563,0.019815976578837307,0.9206649937264743,0.01082810539523212
TGATA,0.9737249424289328,0.010485484540752765,0.012401374155309751,0.003388198875004719
GATAT,0.07292049059196717,0.12382458419224579,0.018288952267999512,0.7849659729477876
CACCG,0.052262663257858985,0.6759446232924247,0.1627205688112007,0.10907214463851565
ACCGG,0.010763331667148983,0.9350122333008866,0.019842940201520613,0.034381494830443816
CCGGC,0.05759625407326786,0.009259594169349296,0.9203300045706093,0.012814147186773511
CGGCT,0.3794671330786478,0.157972948981806,0.4462924850246247,0.016267432914921456
GGCTA,0.019407360664681562,0.9392965365831214,0.011197439082907719,0.03009866366928937
GCTAC,0.04311372782829036,0.08991653003428231,0.013007785179494823,0.8539619569579325
CTACT,0.8623744203346937,0.038595454450647625,0.012538151884477136,0.08649197333018153
TACTA,0.006912898279474157,0.8355847123229093,0.01836285974594999,0.1391395296516665
ACTAT,0.02367166942375438,0.06908004697048917,0.017286082849771577,0.8899622007559849
CTATA,0.8627062257565079,0.03108438816223925,0.01350282736691398,0.09270655871433883
TATAT,0.01014990557682485,0.09390302763342252,0.011279234867690405,0.8846678319220622
CTGGT,0.025181222464079625,0.008038157365012863,0.9620655380493253,0.0047150821215822475
TGGTT,0.11303161202407286,0.05176280752141503,0.8228275177863477,0.012378062668164465
GGTTA,0.028310004477582883,0.060961317577432984,0.019302275780170148,0.891426402164814
GTTAC,0.02485581139332992,0.052324000345113426,0.032666732922619235,0.8901534553389374
TTACT,0.8558955195754226,0.049412116144576294,0.010075615976370182,0.08461674830363088
TACTC,0.008225793250211442,0.8377758982893624,0.008225793250211442,0.14577251521021473
ACTCC,0.014604495573777179,0.029073008879642096,0.024939147935109263,0.9313833476114715
CTCCA,0.009705048481462867,0.9692457485688468,0.001414954740711295,0.019634248208979008
TCCAT,0.011183325827919827,0.9689930332102861,0.003616622439264584,0.016207018522529485
CCATC,0.8546965883595438,0.05364852344397214,0.06395577950703818,0.027699108689445966
CATCA,0.0013976264869484806,0.013606717013913213,0.0047515797732972775,0.980244076725841
ATCAG,0.022633730440904998,0.8732700249753924,0.05544326942948918,0.048652975154213414
GCAGT,0.8968817026893252,0.01712933435446099,0.07641219738627437,0.009576765569939447
CAGTG,0.07898426455933814,0.06962758684619128,0.8372865055271025,0.01410164306736808
GTGGT,0.09881463343966504,0.031890990589217794,0.8492712537957011,0.02002312217541607
ACTAC,0.015802827587761144,0.055518829300540126,0.012491830494978103,0.9161865126167207
TACTG,0.0037079919010558292,0.8705801598863112,0.01191961303511497,0.11379223517751795
GGATT,0.9444350777628971,0.019023200033083828,0.02341953154574634,0.013122190658272706
GATTC,0.01581525994974957,0.027705069525112758,0.007873698475150213,0.9486059720499874
ATTCA,0.00444324255098007,0.006265839900381613,0.001531532151326384,0.9877593853973119
TCAGT,0.9177006543195297,0.01767336598592616,0.0561372396349368,0.008488740059607328
CAGTA,0.1259733953547401,0.07912005749671339,0.7778437628895133,0.017062784259033178
AGTAG,0.05156472077938858,0.08346498293005775,0.04618962710287619,0.8187806691876774
GTAGC,0.7193780181607599,0.05187380380209536,0.17177698535767058,0.05697119267947418
TAGCT,0.3272016900058802,0.21519437245464643,0.41809787224775136,0.03950606529172202
TATGG,0.002602855490815283,0.029583240670728997,0.004812525018903171,0.9630013788195525
ATGGC,0.02065944026891264,0.007333981122552335,0.9598313459022754,0.012175232706259635
TGGCA,0.05746885830959816,0.12689338046051954,0.7934765450739508,0.022161216155931505
GGCAT,0.0227375627692561,0.9444269132618061,0.014574129462448206,0.018261394506489587
TTACA,0.9537652943959981,0.006462516054890827,0.00337997701615629,0.03639221253295478
CCTTT,0.009880918470399788,0.024886337993259816,0.007491149345772957,0.9577415941905675
CTTTA,0.005332787091270913,0.008031341627900302,0.0013082101567378265,0.985327661124091
TTTAC,0.014546884214664832,0.0981523893884956,0.016671364048685404,0.8706293623481541
TTACC,0.800717253660467,0.03799465769687376,0.08272160664819944,0.07856648199445983
TACCA,0.09996961193491256,0.661412855101159,0.15326980328475992,0.08534772967916851
CCAGC,0.8544265469557497,0.022213568229684903,0.10469584292765362,0.01866404188691177
ATGGT,0.034015217895008776,0.016437670282492496,0.9364731449694923,0.013073966853006427
TGGTA,0.07399762440571975,0.08192136111170484,0.8201754519888732,0.023905562493702234
GGTAT,0.08820758868184056,0.09394424362530517,0.03646687244743301,0.7813812952454212
TTTAG,0.011361822781371501,0.09760437358868572,0.013422978318816958,0.8776108253111258
TTAGC,0.8665760366442882,0.02264651501355646,0.09334300504467671,0.017434443297478674
TAGCA,0.170366626944224,0.13398957221255728,0.676226764309773,0.019417036533445692
ATGCC,0.029084810831584724,0.027674962030675515,0.9163667826469397,0.02687344449080002
TGCCA,0.030811899087846168,0.8245357054811406,0.09304585421973868,0.05160654121127455
GCCAT,0.00676985770153472,0.9769607118209602,0.007511337868480726,0.008758092609024286
CTACG,0.8881267644836773,0.027675056662292735,0.013002505069784088,0.07119567378424589
TACGA,0.0021366216958671634,0.947072828276662,0.0037848727183932606,0.04700567730907759
ACGAC,0.003901963175222534,0.002743567857578344,0.9910376783319107,0.0023167906352883796
CGACA,0.9517485073717559,0.025344218350188862,0.017789691726574876,0.005117582551480444
GACAT,0.011542180323906212,0.9695431472081218,0.014201111916847958,0.004713560551124003
TATAG,0.005026489362957369,0.10180017541582596,0.005860304499848576,0.8873130307213681
ATAGC,0.8136451567242816,0.021302863973074564,0.13599547048739444,0.02905650881524936
AGCAT,0.016895662699847512,0.762898712486834,0.020307022370344752,0.1998986024429737
CCGGG,0.003749921220142434,0.0005041910884225121,0.9938236591668242,0.0019222285246108274
CGGGG,0.0022665029747851546,0.00154248119117323,0.9940189504832059,0.002172065350835773
GGGGA,0.08289911482202272,0.016699102266306737,0.8885052420114257,0.011896540900244836
GGGAC,0.007833628648699058,0.0023003512698560728,0.9862289782088346,0.003637041872610277
GGACA,0.9779633350075339,0.011426418884982421,0.008098945253641385,0.0025113008538422904
GACAG,0.00560952679410843,0.9829207145095581,0.007646505797555625,0.0038232528987778127
ACAGT,0.9101060423857195,0.025253392887819963,0.05595727069700614,0.008683294029454483
AGTGT,0.016663012497259374,0.03244902433676825,0.005857111535690795,0.9450308516302816
GTGTC,0.03655213455695806,0.03645817020077051,0.913897328280139,0.013092366962132364
TGTCT,0.00065903028401067,0.0018829436686019143,0.0007217950729640672,0.9967362309744233
GTCTC,0.0033580215917650012,0.9521089630931459,0.012521968365553603,0.03201104694953553
TCTCT,0.01644231070946688,0.01013524114343092,0.009382158210172895,0.9640402899369293
CTCTA,0.0034202516552135306,0.9646051021368728,0.0013806520443063793,0.030593994163607266
TCTAG,0.018362158259832385,0.06233717316927713,0.017514674032455508,0.901785994538435
CTAGC,0.8004940244423938,0.032207242690914004,0.11838581170804169,0.048912921158650494
AGCAA,0.02909271658723429,0.7993508961726266,0.04464196953305459,0.1269144177070846
GCAAC,0.828768886671923,0.04276151704828873,0.06275443706051781,0.06571515921927044
CAACA,0.8895954642966595,0.04791092042088058,0.04969864133210747,0.012794973950352437
AACAG,0.03318499682136046,0.8580038143674508,0.04267005721551176,0.06614113159567706
AGTGC,0.03910298690285499,0.04042212381042118,0.0377838499952888,0.882691039291435
GTGCT,0.05264644942550386,0.007032083882714887,0.9154266340177057,0.024894832674075468
TGCTG,0.013053942342907968,0.7751007167896197,0.047768534505310524,0.16407680636216188
GCTGC,0.008112256084192063,0.02881573589751621,0.007329219782629123,0.9557427882356626
CTGCT,0.11701633015372043,0.02358643427782396,0.7880320685331041,0.07136516703535146
TGCTT,0.010375850286824865,0.9079966145261904,0.04526503871351995,0.03636249647346478
GCTTG,0.007491928152722485,0.04736528635465973,0.010375850286824865,0.9347669352057929
TGGAA,0.06662576609511281,0.06737842094277925,0.8499244182737007,0.01607139468840722
GGAAT,0.9040144139587811,0.03803894297635605,0.04304589707927677,0.014900745985586042
GAATG,0.8585116827017475,0.020994502258001178,0.09986255645002945,0.020631258590221874
AATGC,0.028339682710021283,0.053066480656758064,0.005723381803222979,0.9128704548299976
ATGCG,0.037164102409092285,0.028096000967264154,0.9276818910014206,0.007058005622222894
TGCGT,0.03851325829115358,0.9341995920525799,0.01529047367228224,0.011996675983984286
GCGTG,0.004002477004636832,0.01027050703076621,0.9845489283934208,0.0011780875711761242
CGTGT,0.019108472681681546,0.04830742738025105,0.01098170722496639,0.921602392713101
TGGTG,0.04328358208955224,0.024006114307728633,0.9234506070811637,0.00925969652155542
GGTGG,0.02106111834294953,0.03176423920343806,0.01692106985383094,0.9302535725997815
GTGGC,0.011924661690959616,0.00441318952759175,0.9742998697514631,0.009362279029985555
TGGCT,0.196515006555402,0.10460472697636512,0.6521012721023351,0.04677899436589773
GGCTC,0.006748090196578653,0.9560320024944371,0.015542398344600819,0.021677508964383408
GCTCC,0.006443880532970326,0.023504257696035275,0.013494418016231772,0.9565574437547626
GTAGT,0.7240091066345459,0.07137943639027282,0.1584753007002668,0.04613615627491444
TAGTT,0.2658121481251656,0.1867142404674643,0.5047950857642727,0.04267852564309738
CACTT,0.06777957542775899,0.7288694415845467,0.13320586360739325,0.07014511938030102
ACTTT,0.019733882614769042,0.08600279375902645,0.00988469825034922,0.8843786253758553
CTTTC,0.0079219387189375,0.034743183806226666,0.02222578141362869,0.9351090960612072
TTTCA,0.0018844221105527637,0.004629629629629629,0.001558719523543644,0.9919272287362739
AGTAA,0.05667516294329838,0.059867881428432836,0.03453780549112301,0.8489191501371458
GTAAC,0.664698453586692,0.06705863658032735,0.19297130479145583,0.07527160504152483
TAACG,0.8549905375181261,0.05436625949320422,0.07276279892840465,0.01788040406026495
AACGC,0.049536212298052704,0.7154124946249769,0.06257141102033295,0.1724798820566374
ACGCC,0.061928746928746926,0.010503685503685503,0.8984766584766585,0.02909090909090909
CGCCT,0.022713042197149206,0.8898847159641994,0.013934758320953703,0.07346748351769776
GCCTG,0.006595836148129952,0.9507461769944113,0.013363630780568691,0.02929435607689001
CCTGG,0.011130839404885814,0.009171615747260149,0.01131451662278822,0.9683830282250658
TAGTA,0.16003593271230449,0.1231187625364557,0.6928516052816165,0.023993699469623323
ACCGA,0.012642199211649613,0.9326838633253681,0.02632600126626228,0.02834793619671997
CCGAC,0.0411526836042807,0.007045992974430194,0.9467976472510415,0.005003676170247529
CGACT,0.9550401208730629,0.02423586581456602,0.018968087061273658,0.001755926251097454
GACTA,0.022360187514452488,0.9298012038483908,0.015822407836926893,0.032016200800229835
CTACA,0.871395287497802,0.03747948537600375,0.0171040677568724,0.07402115936932184
TACAT,0.004783536752230311,0.8933099812088373,0.011752686406509404,0.09015379563242297
CCGGA,0.011929485631489978,0.0034452225710375917,0.9834017548096273,0.001223536987845126
CGGAT,0.026846390562892678,0.005481471983587639,0.9632324657007308,0.004439671752788819
CACCC,0.026496201593477858,0.708057182765354,0.20636821025926083,0.059078405381907326
ACCCT,0.02697237254343492,0.8785816006835659,0.027712902307035034,0.06673312446596412
CCCTC,0.009328782707622298,0.9036973833902161,0.04881968145620023,0.03815415244596132
CCTCA,0.0038651736486102427,0.00588302165634059,0.006195645995566419,0.9840561586994827
CACTG,0.0612768006344351,0.62541422380831,0.2700880845158184,0.04322089104143654
ACTGA,0.03035367770994745,0.03025452897267744,0.017790116287304713,0.9216016770300703
CTGAA,0.0666090700507039,0.03911848851372405,0.8833385264708382,0.010933914964733876
TGAAT,0.9033052935678477,0.0462797745489563,0.04179057977171666,0.00862435211147931
GAATT,0.7404985349696378,0.07585601653290303,0.0697127974294733,0.1139326510679859
AATTA,0.05015150227961374,0.056225752555716026,0.07025741228442783,0.8233653328802424
ATTAT,0.012261242857084837,0.06287796022304984,0.008098349869833444,0.9167624470500318
TTATC,0.7590723400671038,0.06687911501691632,0.11817556469613802,0.055872980219841925
TATCC,0.024113972910379675,0.04598217418766229,0.0647764755421433,0.8651273773598147
ATCCA,0.020216453278630545,0.937454905566952,0.017443587748461484,0.024885053405956002
ACTGG,0.004058522898085981,0.008305903936728668,0.008460073847387206,0.9791754993177981
TTCAA,0.010222161646449502,0.9510699195856617,0.008722911271636909,0.029985007496251874
TCAAC,0.8966221737946064,0.013347861618087714,0.05870335058567148,0.03132661400163443
ACAGC,0.898219185753486,0.014942786208956338,0.07171790707658994,0.015120120960967688
TAGTC,0.1479343701565924,0.0989792100903212,0.7211266100154989,0.03195980973758752
AGTCA,0.013682522715125602,0.03602351683591662,0.01127739176910743,0.9390165686798504
GTCAC,0.0,1.0,0.0,0.0
GGGTC,0.05377258438989901,0.04440919904837431,0.8918433448305514,0.009974871731175295
GGTCC,0.014003916511439079,0.05814586616993839,0.01718488799732531,0.9106653293212972
GTCCT,0.008883030546163104,0.9830649320877988,0.0011366458440789347,0.0069153915219592335
TCCTT,0.021681403295040307,0.8680175507057402,0.04568513424767053,0.06461591175154902
CTTTG,0.004333321869518863,0.004052458415013011,0.0013813896435900081,0.9902328300718781
TTTGA,0.003907019005073067,0.03772999167108352,0.005444082683425456,0.952918906640418
TTGAT,0.06639311994670381,0.04709596341943494,0.8671456257759743,0.01936529085788693
TGATG,0.8862830262406445,0.025151041510114523,0.07965373170218522,0.008912200547055818
GATGA,0.07523642837290707,0.07453033569448722,0.055525926371059214,0.7947073095615464
TGATT,0.9346260139078728,0.026882900499845357,0.028149973561073918,0.010341112031207909
GATTA,0.04926187019492215,0.10735435718597679,0.0181302042017771,0.825253568417324
TTAGT,0.8922209834616907,0.024039375459183412,0.07393174029870683,0.009807900780419135
CTATT,0.8148626800811459,0.07482828574076553,0.014344705434099827,0.09596432874398872
TATTG,0.004043917146002902,0.07339246576047251,0.008905878600166697,0.9136577384933579
ATTGG,0.00785085937861502,0.007218471884463319,0.011496084853034175,0.9734345838838875
TTGGA,0.039563669247725086,0.018353432019853767,0.92547129578724,0.016611602945181197
TATAC,0.01784393165404263,0.1452175444777171,0.017526862779637133,0.8194116610886031
ATACT,0.8736883556090894,0.04435848138796877,0.012925343401820666,0.06902781960112113
TACAG,0.0011448426845556705,0.9456199724836056,0.0014159896361609608,0.051819195195677716
AGCTT,0.04144559014916408,0.6586044649114026,0.0985383922314546,0.20141155270797878
GCTTT,0.0053450243228634915,0.006456068704582307,0.003162973194803115,0.9850359337777511
AGTGA,0.03831019211203543,0.041788856304985335,0.023677359506852593,0.8962235920761267
GTGAC,0.043896235627181,0.009136533264702098,0.9351964695284882,0.011770761579628634
TGACT,0.9445201831930983,0.02790499520715731,0.020406859090424966,0.0071679625093194164
TGACC,0.866901186600861,0.02134306416045364,0.10422135881549932,0.007534390423185971
GACCA,0.012469155247545546,0.9528534677377015,0.009292802016065521,0.025384574998687456
ACCAC,0.01349513547442201,0.8138665132336018,0.02267496600062768,0.14996338529134848
CCACT,0.943982368220817,0.021226353212814526,0.020019415947314566,0.014771862619053866
AATGT,0.007357501871457598,0.017014223077745697,0.00255587637685809,0.9730723986739386
ATGTG,0.006854808525200244,0.011175155864015998,0.9756820053255767,0.006288030285207088
TGTGT,0.006148088746324512,0.014065757818765037,0.014578989574979951,0.9652071638599306
GTGTG,0.006875093556871886,0.16796398862348438,0.8149284690888096,0.010232448730834207
GCAAT,0.7946262132801954,0.03674658781684558,0.14557219686743375,0.023055002035525272
CAATG,0.8191564637519566,0.08561871475437957,0.08338872568990287,0.011836095803760962
GCTAG,0.03774333649330894,0.04900901695363655,0.029850746268656716,0.8833969002843978
CTAGA,0.7585054210375844,0.0691429702447714,0.14039717622220757,0.031954432495436655
TAGAA,0.2058403148844471,0.06935373925280912,0.6770235503661192,0.04778239549662467
AGAAT,0.8453630892237403,0.0558801563941484,0.08237051355269516,0.016386240829416157
AATGG,0.02251280374850169,0.02225128037485017,0.005339435545385202,0.949896480331263
ATGGG,0.0032040104620749783,0.009568439407149085,0.9829119442022668,0.004315605928509154
GTTCA,0.003578625529845042,0.006948787436592315,0.000949667616334283,0.9885229194172284
GCTCT,0.03284409319511444,0.018757056348147387,0.03907933901262445,0.9093195114441137
CTCTG,0.02007308404665365,0.9457375982379737,0.007558692496370826,0.026630625219001853
TCTGC,0.01807599610276396,0.062278857494487465,0.015537664735141787,0.9041074816676068
ACCGT,0.009854217434055833,0.9305822752340643,0.006669231755803514,0.05289427557607627
CCGTC,0.04164190928896811,0.01341849871261636,0.9153132633524791,0.02962632864593649
CGTCA,0.0031439794032215476,0.007765051491946132,0.004645827832057037,0.9844451412727753
GTCAG,0.0036880579528390622,0.974315605353047,0.00724410488275771,0.014752231811356249
CAACT,0.8309074418001987,0.07215047725996632,0.07195611799766768,0.02498596294216732
AACTA,0.021140599019629013,0.7886803861020536,0.04478611069122633,0.14539290418709105
AGCTC,0.021876454551499436,0.5903982977591595,0.1412992885165237,0.24642595917281734
GCTGT,0.013783269961977186,0.014100126742712294,0.004752851711026616,0.9673637515842839
ATGAA,0.03356428265660425,0.022291630333106084,0.9380717581215418,0.006072328888747959
TGAAA,0.8879948205697373,0.06511283758786533,0.04356270810210877,0.003329633740288568
GAAAT,0.7301433194637078,0.09121590383726307,0.12756973339497613,0.051071043304053015
TACGG,2.9441205911794148e-05,0.9999411175881764,0.0,2.9441205911794148e-05
ACGGT,0.05447161649156882,0.015832376916512167,0.888290515287955,0.04140549130396398
CGGTA,0.07854727245993236,0.0903102484928687,0.7967651815909426,0.03437729745625643
TTTGG,0.006549806804259731,0.04469418527942701,0.005866553576477241,0.9428894543398361
TTGGT,0.05219924542719328,0.040904532212617604,0.88958402980085,0.017312192559339034
GGTGA,0.03565608982905223,0.05181761621189228,0.02296092199211922,0.8895653719669363
GTGAT,0.06509271365743492,0.01827528824438369,0.898208130274575,0.018423867823606322
ATTAC,0.03161977901418384,0.10927826972807773,0.02746649949063553,0.8316354517671029
CTCCT,0.049866537248240715,0.9280514438243145,0.007825770444066973,0.014256248483377821
TCCTG,0.01759167492566898,0.882866699702676,0.03010406342913776,0.06943756194251735
CTCCG,0.00526239384481382,0.9819626914422588,0.0009798940262756768,0.011795020686651666
TCCGT,0.005467250805604837,0.9722654694232231,0.0021362105796734134,0.020131069191498607
CCAGA,0.9678007290400972,0.0054678007290400975,0.016099635479951396,0.0106318347509113
CAGAT,0.02490886998784933,0.03462940461725395,0.9371202916160389,0.003341433778857837
AGATA,0.97479501973884,0.008806559368357121,0.009413908290312785,0.006984512602490131
ACCAA,0.0075392038600723766,0.9348612786489746,0.03226779252110977,0.025331724969843185
CCAAA,0.9525691699604744,0.007297050775311645,0.025539677713590756,0.01459410155062329
CAAAT,0.9420555047270509,0.01646843549862763,0.0359865812747789,0.0054894784995425435
AAATA,0.9138668295662797,0.012828344532681736,0.04153940134392181,0.03176542455711668
AATAC,0.08850645359557467,0.0439459127228027,0.07498463429625077,0.7925629993853719
TACTT,0.029366778831446925,0.8516365861119608,0.0672988681553992,0.05169776690119302
GGTAG,0.08707018699235666,0.11616675647089346,0.056676445349138876,0.740086611187611
TTATA,0.8538534390908015,0.014798153190481828,0.02533443826210489,0.10601396945661182
ATACC,0.8291701195690778,0.022966733751627798,0.05783118266840298,0.09003196401089145
ACCAT,0.02833195608546807,0.8577499704875458,0.03364419785149333,0.08027387557549286
GACTC,0.005050505050505051,0.9797979797979798,0.0,0.015151515151515152
GGTAA,0.0627839065541856,0.07770927968851395,0.0317975340687865,0.8277092796885139
TAACT,0.8756108396268325,0.05354482974886978,0.04026968406198552,0.030574646562312176
AACTG,0.016900376726663877,0.7362651737128506,0.04664608622854751,0.20018836333193804
AATGA,0.019507186858316223,0.03490759753593429,0.023613963039014373,0.9219712525667351
ATGAG,0.01646090534979424,0.00205761316872428,0.9681069958847737,0.013374485596707819
TGAGA,0.9351184346035015,0.04016477857878476,0.02059732234809475,0.004119464469618949
GAGAT,0.06385169927909372,0.11122554067971163,0.811534500514933,0.013388259526261586
TTGGG,0.11265164644714037,0.1611785095320624,0.7053726169844021,0.02079722703639515
GGGTA,0.11896551724137931,0.17413793103448275,0.35172413793103446,0.35517241379310344
GTATT,0.9097222222222222,0.05381944444444445,0.024305555555555556,0.012152777777777778
TATTA,0.10608695652173913,0.21913043478260869,0.04521739130434783,0.6295652173913043
ATCCT,0.1438474870017331,0.49393414211438474,0.14211438474870017,0.22010398613518198
TCCTA,0.055267702936096716,0.5975820379965457,0.15889464594127806,0.18825561312607944
CCTAT,0.038461538461538464,0.14814814814814814,0.03561253561253561,0.7777777777777778
ACCTA,0.027574563871693866,0.9048958919527293,0.028700056274620148,0.038829487900956666
CCTAC,0.03055721989215099,0.033553025763930495,0.01737567405632115,0.9185140802875974
CTACC,0.8748481166464156,0.026731470230862697,0.010024301336573511,0.08839611178614824
TACCG,0.008526187576126675,0.8483556638246041,0.008526187576126675,0.1345919610231425
ACCGC,0.01641337386018237,0.9513677811550152,0.01276595744680851,0.019452887537993922
CCGCT,0.05778588807785888,0.0072992700729927005,0.8753041362530414,0.05961070559610705
CGCTA,0.027912621359223302,0.9132281553398058,0.019417475728155338,0.03944174757281554
TACCT,0.0018181818181818182,0.9575757575757575,0.004242424242424243,0.03636363636363636
ACCTC,0.028717948717948718,0.7589743589743589,0.10974358974358975,0.10256410256410256
CCTCT,0.01940755873340143,0.03472931562819203,0.0296220633299285,0.916241062308478
TCTGA,0.018774703557312252,0.017786561264822136,0.00691699604743083,0.9565217391304348
CTGAT,0.11782178217821782,0.09801980198019802,0.7326732673267327,0.05148514851485148
AGTTT,0.016666666666666666,0.041666666666666664,0.016666666666666666,0.925
GTTTC,0.02225519287833828,0.08287409919457397,0.010385756676557863,0.8844849512505298
CCACC,0.8934426229508197,0.03278688524590164,0.01639344262295082,0.05737704918032787
TAACA,0.984251968503937,0.007874015748031496,0.007874015748031496,0.0
TGACA,0.9453125,0.0390625,0.0078125,0.0078125
ACTTC,0.0121580547112462,0.03343465045592705,0.0,0.9544072948328267
CTTCT,0.006006006006006006,0.015015015015015015,0.0,0.978978978978979
TTCTG,0.0,0.975975975975976,0.024024024024024024,0.0
TCTGG,0.0,0.015151515151515152,0.0,0.9848484848484849
ACTTG,0.023529411764705882,0.6470588235294118,0.047058823529411764,0.2823529411764706
CTTGC,0.0,0.011764705882352941,0.03529411764705882,0.9529411764705882
TTGCT,0.8064516129032258,0.016129032258064516,0.16129032258064516,0.016129032258064516
TGCTC,0.009615384615384616,0.8942307692307693,0.019230769230769232,0.07692307692307693
ACTGT,0.0,0.018867924528301886,0.009433962264150943,0.9716981132075472
CTGTA,0.0,0.9714285714285714,0.0,0.02857142857142857
TGTAT,0.0380952380952381,0.05714285714285714,0.0,0.9047619047619048
GGTTT,0.07718918918918918,0.06875675675675676,0.021837837837837836,0.8322162162162162
TAGGT,0.330379746835443,0.08481012658227848,0.5481012658227848,0.03670886075949367
AGGTA,0.17446270543615677,0.0012642225031605564,0.25916561314791403,0.5651074589127687
GTATG,0.8002528445006322,0.051833122629582805,0.025284450063211124,0.12262958280657396
GTAGG,0.7746835443037975,0.05949367088607595,0.1291139240506329,0.03670886075949367
CAGGA,0.1388888888888889,0.09523809523809523,0.7380952380952381,0.027777777777777776
AGGAT,0.06349206349206349,0.03571428571428571,0.8809523809523809,0.01984126984126984
ATTCT,0.011857707509881422,0.007905138339920948,0.007905138339920948,0.9723320158102767
TCTCC,0.03461538461538462,0.026923076923076925,0.007692307692307693,0.9307692307692308
ATTCG,0.0,0.0,0.0,1.0
TTCGC,0.0,1.0,0.0,0.0
TCGCC,0.0,0.0,1.0,0.0
GCCTT,0.0,1.0,0.0,0.0
TATGT,0.0,0.0,0.0,1.0
ATGTT,0.03333333333333333,0.0,0.9666666666666667,0.0
TGTTC,0.0,0.0,0.0,1.0
ACATC,0.9357072205736894,0.024727992087042534,0.03758654797230465,0.0019782393669634025
CATCT,0.033663366336633666,0.10594059405940594,0.039603960396039604,0.8207920792079207
ATCTT,0.01288404360753221,0.6283448959365708,0.02081268582755203,0.3379583746283449
TCTTC,0.0009900990099009901,0.027722772277227723,0.0,0.9712871287128713
GTGAA,0.23081264108352145,0.05417607223476298,0.7059819413092551,0.009029345372460496
AAATG,0.5934314835787089,0.0033975084937712344,0.3873159682899207,0.015855039637599093
GTTTA,0.0,0.034482758620689655,0.0,0.9655172413793104
ATCAC,0.0,0.9310344827586207,0.06896551724137931,0.0
TTTAT,0.022727272727272728,0.6136363636363636,0.022727272727272728,0.3409090909090909
TGGGA,0.11708860759493671,0.3291139240506329,0.379746835443038,0.17405063291139242
GGACC,0.9968354430379747,0.0,0.0,0.0031645569620253164
GACCT,0.00949367088607595,0.9050632911392406,0.060126582278481014,0.02531645569620253
CTCAA,0.0,1.0,0.0,0.0
TCAAT,1.0,0.0,0.0,0.0
CAATT,0.75,0.0,0.25,0.0
AATTC,0.0,0.0,0.25,0.75
CCAAC,1.0,0.0,0.0,0.0
AACAA,0.0,1.0,0.0,0.0
ACAAC,0.08,0.16,0.12,0.64
AACTT,0.0,1.0,0.0,0.0
CTGCA,0.2978723404255319,0.02127659574468085,0.5319148936170213,0.14893617021276595
TGCAT,0.0,1.0,0.0,0.0
GCATT,0.8571428571428571,0.04081632653061224,0.04081632653061224,0.061224489795918366
CATTC,0.02040816326530612,0.061224489795918366,0.04081632653061224,0.8775510204081632
GTCCG,0.0,1.0,0.0,0.0
TAACC,0.8125,0.0625,0.125,0.0
AACCA,0.0,0.8125,0.0,0.1875
TGGAC,0.0,0.0,1.0,0.0
TAGAT,0.0,0.0,1.0,0.0
AGATT,1.0,0.0,0.0,0.0
GCTTC,0.0,0.0,0.0,1.0
ACTGC,0.12,0.0,0.08,0.8
TTGCA,0.0,0.045454545454545456,0.09090909090909091,0.8636363636363636
TGCAG,0.08695652173913043,0.8260869565217391,0.0,0.08695652173913043
CGTGC,0.0,0.0,0.0,1.0
GGATC,1.0,0.0,0.0,0.0
GATCC,0.0,0.0,0.0,1.0
ATCTA,0.0,1.0,0.0,0.0
TCTAT,0.0,0.0,0.0,1.0
