kmer,A,C,G,T
TCATT,0.8921176745272006,0.02884893766051833,0.07269670791501284,0.00633667989726827
CATTT,0.002765467640084985,0.012912909952232831,0.0033816591819934043,0.9809399632256888
ATTTA,0.014925246419384143,0.03627522561912605,0.01788185453403177,0.930917673427458
TTTAT,0.013504420458284247,0.03627216862482886,0.013107481347045775,0.9371159295698411
TTATT,0.8580246790784833,0.039354039145164145,0.020630882069175422,0.08199039970717714
TATTG,0.0022178772580033266,0.06676181961441832,0.014896388521158708,0.9161239146064196
ATTGG,0.004832319585043809,0.008258645517656414,0.03781137833945881,0.949097656557841
TTGGA,0.015761189863209155,0.02543890939545271,0.9509716492447036,0.007828251496634511
TGGAA,0.037333703705274404,0.03510935160878545,0.9204990267134296,0.007057917972510486
GGAAT,0.911811767987695,0.027573835657304917,0.0533422185372733,0.007272177817726756
GAATG,0.8746650595305197,0.035622924236249014,0.08217639764479401,0.007535618588437291
AATGA,0.005984226837892544,0.03650588343985957,0.011418324752441984,0.946091564969806
ATGAT,0.04407629277309409,0.011450537622289347,0.9323329933276228,0.012140176276993823
TGATG,0.9159563906706861,0.014116367098075658,0.06499240689952175,0.004934835331716494
GATGA,0.02016249273586432,0.038869613980522445,0.009463985662046455,0.9315039076215668
TGATA,0.9371999190737563,0.023034372270589725,0.02509371489289609,0.014671993762757808
GATAA,0.05239367363650834,0.036961320351260075,0.040986734734972774,0.8696582712772588
ATAAG,0.8638374081563306,0.03467916687556053,0.09435875153885147,0.007124673429257396
TAAGC,0.8701160091514305,0.04310424103597315,0.05746674803748631,0.029313001775110002
AAGCG,0.09746616396786517,0.044431997726151765,0.8420121327637566,0.01608970554222642
GGATC,0.8983417912506049,0.021757206773841086,0.058040978262377405,0.021860023713176642
GATCA,0.0036091149984011817,0.014349702421527777,0.008532813779415982,0.973508368800655
ATCAT,0.013226194645759805,0.9264038939928694,0.025072742947975322,0.03529716841339548
TCATC,0.8841733743900023,0.027453946302198693,0.07342481047305206,0.014947868834746907
CATCC,0.022077933235676944,0.05268934528693366,0.01446588971128361,0.9107668317661057
ATCCC,0.013385710018545301,0.9090807504937176,0.02684448379381408,0.05068905569392303
TCCCT,0.0141982990411957,0.9545035431268497,0.015896248820569694,0.01540190901138486
CCCTA,0.003692577419038489,0.9665966844857711,0.009411569275354198,0.020299168819836247
CCTAT,0.03663733787456566,0.08387088450820518,0.027711838166993498,0.8517799394502357
CTATC,0.6950990706513289,0.09972271991088397,0.12350661955269907,0.081671589885088
TATCT,0.020891252645090508,0.04019695473241128,0.017226922600351035,0.9216848700221472
ATCTT,0.06657975762669709,0.6152531082846614,0.1994276582302003,0.11873947585844119
TCTTT,0.03441473226155997,0.0867816206974437,0.03607871615922782,0.8427249308817685
CTTTG,0.05801518859940069,0.07517384541482719,0.004257497083514423,0.8625534689022577
TTTGG,0.02984801736944349,0.06141298137355731,0.03289052679693749,0.8758484744600618
TTGGT,0.09326322612276103,0.07368528205618272,0.8239833969727313,0.009068094848324947
TGGTA,0.15459543671743106,0.08375119483106573,0.7298619956766024,0.03179137277490088
GGTAC,0.17102138390525898,0.13424442572576434,0.0941112256974239,0.6006229646715527
GTACA,0.7721669642098105,0.03250761683024684,0.10129355853372933,0.09403186042621342
TACAG,0.03929081882122842,0.8228849312320557,0.04200831233309512,0.09581593761362069
ACAGC,0.864703356381187,0.035528322117968324,0.058073905698365395,0.0416944158024793
CAGCA,0.30988440463039363,0.21773979117725262,0.41065001493940634,0.06172578925294745
AGCAA,0.0351790143533249,0.791195639718929,0.08956446958903032,0.08406087633871578
GCAAA,0.844100837155271,0.04495447121840273,0.07932009482647506,0.031624596799851204
GGATG,0.958974759083989,0.01299556078365472,0.022652206704637072,0.005377473427719195
ATGAA,0.04977639144650306,0.021759555037769177,0.9109981585177948,0.01746589499793303
TGAAC,0.9397284727768122,0.016761403673603608,0.039836519941748486,0.0036736036078357684
GAACC,0.8858496790834383,0.026466452055798825,0.06920867241183959,0.01847519644892328
AACCC,0.01622244583774114,0.8617780873992655,0.026077009744476267,0.09592245701851708
ACCCT,0.021789713915843157,0.9255411158788704,0.02264530660908156,0.03002386359620489
CCTAA,0.034454902721847556,0.053532094512638885,0.03152200281403134,0.8804909999514822
CTAAC,0.773020328709689,0.06559852538294278,0.1178807863218301,0.04350035958553812
TAACA,0.8882189696705031,0.030706829620715262,0.05789088142899404,0.02318331927978765
AACAG,0.0770398722592723,0.695487862461812,0.0874730327911249,0.13999923248779073
ACAGT,0.9170133756555804,0.012076370047696353,0.062044376887805994,0.00886587740891729
CAGTG,0.11121903179812398,0.16448555651451655,0.7069867672403297,0.01730864444702973
AGTGG,0.026003622457100025,0.05539273961433369,0.0183443574940137,0.9002592804345526
GTGGT,0.07894898626940493,0.02704905826725182,0.8726904106245323,0.021311544838810894
GGTAA,0.09141041906772684,0.08083251818349103,0.04856420636688522,0.779192856381897
GTAAC,0.6815177938493362,0.07158213603666072,0.21134723475795175,0.035552835356051304
AACAC,0.05686789852401481,0.7981522139777881,0.07115658904790141,0.07382329845029567
ACACA,0.9209021938555044,0.012439167794172859,0.04583578315045301,0.020822855199869657
CACAG,0.03385239148088653,0.8769375766880257,0.022578140282034108,0.06663189154905366
ACAGG,0.927587077078371,0.020459035766382923,0.03422764678004075,0.01772624037520542
ATCAA,0.0100470373100604,0.935158174778213,0.026881680071224066,0.02791310784050253
TCAAC,0.8794360693542876,0.030589838856622253,0.07196824108871427,0.01800585070037581
CAACC,0.9102363190422982,0.016463977225836066,0.0555885257530728,0.01771117797879295
TGGTG,0.07468578181324666,0.0474662279583845,0.8671329597251233,0.010715030503245624
GGTGG,0.04256180223833107,0.0670016014239763,0.023467407954746267,0.8669691883829463
GTGGC,0.041519255543857124,0.011885532674588176,0.9346279354159446,0.011967276365610102
TGGCA,0.2449564839627661,0.14091337306642845,0.5478725221729219,0.0662576207978835
GGCAC,0.014855580734505953,0.9528597728662475,0.016732557036862637,0.015552089362383956
GCACA,0.8921190588496932,0.02144472562337129,0.059681871252732825,0.02675434427420266
CACAA,0.013910601041029093,0.9193849149568241,0.024085636914879423,0.0426188470872674
ACAAA,0.9310805822305851,0.02352045446388745,0.028166865768061402,0.017232097537466098
GTATC,0.7393274561667914,0.033847331398361484,0.16504722844069944,0.06177798399414767
ATCTA,0.029430947570417736,0.8185835577444294,0.05777051803453564,0.09421497665061729
TCTAT,0.02841683436465178,0.11250601682972516,0.027291759697969646,0.8317853891076534
TATCA,0.017497023249984332,0.025957260136617158,0.03096133358400702,0.9255843830293915
TCATA,0.8624969424426591,0.04377010931943477,0.06340903531713926,0.03032391292076693
CATAG,0.05073498500845988,0.11152802532058965,0.038446438684079785,0.7992905509868706
ATAGT,0.775330939393479,0.053335224174403076,0.153433311554896,0.01790052487722195
TAGTG,0.10299364430874478,0.12059033912556576,0.7458208238223762,0.030595192743313224
GTGGG,0.008321940282183091,0.006602045280542491,0.9779503445258668,0.0071256699114076345
TGGGA,0.03218323289044481,0.019154243467296345,0.9399042170349573,0.008758306607301591
GGGAG,0.08028993433170609,0.061298735909632876,0.841042753099152,0.017368576659508993
GGAGC,0.8355891633662296,0.03141140052197085,0.11186444061126147,0.021134995500538104
GAGCA,0.20800081236661705,0.1904883189005084,0.5532649480451596,0.04824592068771495
AGCAC,0.05779412818865346,0.7363689154254245,0.060408907875708524,0.1454280485102135
GCACC,0.8765755461190629,0.025547383715211522,0.06777272229076325,0.03010434787496241
CACCT,0.013838245604367007,0.9270889780823008,0.024697594533280673,0.03437518178005149
ACCTA,0.02190205274083186,0.8733174444529869,0.04656877066195126,0.05821173214423003
TTATA,0.8903212239866579,0.030408237256181567,0.040759915887172794,0.038510622869987673
TATAC,0.008797621051450374,0.07341637210346182,0.006912416540425293,0.9108735903046625
ATACG,0.7777722252760981,0.05809804607465894,0.049612713007845685,0.11451701564139723
TACGG,0.05613081197777156,0.8175448766641347,0.061627953464198616,0.06469635789389518
ACGGT,0.1700085963895164,0.04426141020771276,0.7674476719777693,0.0182823214250015
CGGTA,0.22100435634067384,0.10277367011710163,0.5899644298789017,0.0862575436633228
GGTAT,0.08587983199353215,0.10074801001728705,0.03642440694899991,0.7769477510401809
GTATG,0.725827660441031,0.09741083376970966,0.020300226915692093,0.15646127887356723
TATGA,0.014621446701500753,0.04528344215724381,0.014566665188435362,0.92552844595282
GATGG,0.026551701272505203,0.05776861324954064,0.016978500672722954,0.8987011848052312
ATGGA,0.012217895877776167,0.001774261472291835,0.9759801586479714,0.010027684001960663
GGAAG,0.9008005980758196,0.04442056294470573,0.04365252612566309,0.011126312853811639
GAAGT,0.8690584461297848,0.030431258538218875,0.0849959473189517,0.015514348013044686
AAGTA,0.1714049642007673,0.13240703894628444,0.6431012433284629,0.05308675352448534
AGTAA,0.06250649769913054,0.05937665862319911,0.05549992613142041,0.82261691754625
GTAAT,0.7130121993649645,0.0645007520156485,0.17281292206707047,0.049674126552316455
TAATA,0.7806572452468395,0.0677510271542433,0.10560725002947438,0.045984477569442746
AATAA,0.11526010080555607,0.0814675073226431,0.10222174609437261,0.7010506457774283
ATAAA,0.8197541208083536,0.055276722550766134,0.10836526129409245,0.016603895346787818
TAAAT,0.8289668900144664,0.09117178048031493,0.0432142843929096,0.03664704511230904
AAATA,0.8290644196492284,0.028668807901186068,0.11616069387047322,0.026106078579112374
ATCAG,0.009388949752276927,0.9526203051163399,0.010111679775005314,0.02787906535637785
TCAGC,0.9330363130227705,0.010837315956990936,0.04906068962358891,0.0070656813966496895
CAGCG,0.12028589006846177,0.04769088790857801,0.8226179100179336,0.009405312005026638
AGCGC,0.009594798970793314,0.897737316598904,0.014557513143336018,0.07811037128696666
GCGCT,0.20324766385761656,0.14889057810513623,0.6195593766792047,0.02830238135804249
CGCTT,0.021277432678281676,0.692478652090538,0.18215134479537148,0.10409257043580876
GCTTA,0.03255043227665706,0.06411815561959654,0.016688760806916426,0.88664265129683
CTTAC,0.08336856895665692,0.08580795826367521,0.06812726456640668,0.7626962082132611
TTACA,0.8819817698965232,0.045070042533381295,0.0158098271155596,0.05713836045453584
TACAA,0.011971936401325082,0.8396072918497114,0.02949216080598239,0.11892861094298117
ACAAT,0.9002731238989323,0.019731132577414663,0.05997138702011185,0.020024356503541153
CAATG,0.8159519777734965,0.06966568986321371,0.10221960839983371,0.012162723963456058
AATGG,0.029921390914287842,0.08262167543143005,0.020910586271774105,0.866546347382508
ATGGT,0.03428092993262903,0.020674125750480384,0.9370857569288613,0.007959187388029237
TATAT,0.003888599927110866,0.0456618581067932,0.0050420881675459365,0.94540745379855
ATATC,0.7013948500555071,0.07058580681540703,0.11609149974700879,0.11192784338207715
CATAT,0.07897502930990338,0.10435336289029337,0.036436926435511476,0.7802346813642917
ATATG,0.7377932952000934,0.09534017467712325,0.029643464818725613,0.13722306530405776
GAAGC,0.8180190455980265,0.024381725421540802,0.13470295410134664,0.022896274879086093
AAGCA,0.14827392858705118,0.17142010681322004,0.6182242600420731,0.06208170455765567
GCAAT,0.8547787909490037,0.028439153439153438,0.08849065630980525,0.0282913993020376
CAATA,0.7398419548282239,0.08873694632815857,0.1127986698798782,0.05862242896373928
TATTT,0.003409090909090909,0.023926270579813887,0.006102362204724409,0.9665622763063708
TATAG,0.022089069235339476,0.09790536867786669,0.02098170831911209,0.8590238537676818
ATAGC,0.7335894052219813,0.05517013856159864,0.15779526816853615,0.053445188047883875
TAGCG,0.09309503100361943,0.17305911730871748,0.6799285467111846,0.0539173049764784
AGCGG,0.04198327024627319,0.7168091966914342,0.03553437076498902,0.20567316229730362
GCGGT,0.10085117117790506,0.021012996477590185,0.8691849872464472,0.008950845098057535
CGGTG,0.21096320670056834,0.08027968890218366,0.6861071642237512,0.02264994017349686
GGTAG,0.08398617014179137,0.11139864448552064,0.05246869248187873,0.7521464928908093
GTAGT,0.7229054724922888,0.050573892185251546,0.1932589585384554,0.03326167678400427
TAGTA,0.11348188500262195,0.14397419365470418,0.7133799497032871,0.02916397163938681
AGTAG,0.04313443472627146,0.0959514091350826,0.03338645934564302,0.8275276967930029
GTAGC,0.718558793563899,0.043673059066041006,0.18654809305516223,0.05122005431489778
TAGCA,0.24376234485974424,0.20072931185702014,0.4794897441150912,0.07601859916814444
CACAT,0.025645740148153386,0.8941233668652653,0.021388540211799232,0.0588423527747821
ACATA,0.9162418264435332,0.023253608300156013,0.03443550243395084,0.02606906282235995
CTATT,0.8160291736276188,0.07824324024990645,0.03838015484499761,0.06734743127747705
GTACT,0.7949342069142219,0.03824966600172032,0.08198971468311342,0.08482641240094435
TACTG,0.0653296870252203,0.6715891826192647,0.07152841081738073,0.1915527195381343
ACTGC,0.031655992680695334,0.06081122293382129,0.015004574565416285,0.8925282098200671
CTGCT,0.13966957263915136,0.027555934889959152,0.787051149180028,0.045723343290861425
TGCTG,0.04561211457763182,0.7516268320866022,0.12777473697013927,0.0749863163656267
GCTGG,0.03031829631325853,0.03789787039157316,0.013842454774444698,0.9179413785207237
CTGGT,0.057570844095853994,0.0500952129565037,0.8767887780689682,0.015545164878674184
GGTGA,0.04277012947692746,0.050121106342054175,0.024898039145844094,0.8822107250351743
GTGAC,0.03454744544134998,0.005500428659949579,0.9555042484020746,0.004447877496625894
TGACA,0.947661105659143,0.02054301602878639,0.02387962054301603,0.007916257769054628
GACAC,0.024970584390116356,0.8983527258465159,0.037259772519283564,0.03941691724408419
AGTAC,0.11042699167256667,0.09384376791072452,0.06874768214153265,0.7269815582751762
GTACC,0.7251828454639123,0.05821495532320997,0.12329189399185853,0.0933103052210192
TACCA,0.07641441570608927,0.7178732903040805,0.08033994922515209,0.1253723447646781
ACCAT,0.03287459186953359,0.8558220974099575,0.0449831672615926,0.06632014345891628
CCATA,0.8850877119601135,0.019596115075414717,0.07901187060289948,0.016304302361572372
ATATA,0.7733549364971515,0.0796398891966759,0.06805780588511995,0.07894736842105263
CCATT,0.9575391484192902,0.013111847936705952,0.02278323101670989,0.0065657726272939166
CATTA,0.0013001363718083078,0.00801787303828496,0.006316514143642048,0.9843654764462647
ATTAG,0.04359021519220158,0.11676436014106245,0.02306658883175664,0.8165788358349794
TTAGT,0.8702794596362895,0.02228383574573517,0.08844674929075923,0.018989955327216076
TAGTT,0.19850484601898713,0.21400402089099121,0.5467750175500498,0.04071611553997185
AGTTA,0.037700429514989774,0.05962169807648222,0.037977256900138846,0.8647006155083892
GTTAC,0.032105172115550945,0.07679899671337138,0.05758519287320533,0.8335106382978723
TACAT,0.0067435496481626275,0.894064838601586,0.014415559030492572,0.08477605271975874
TATCC,0.026604068857589983,0.06820715962441315,0.030746283255086073,0.8744424882629108
ATCCT,0.025293850637870898,0.8303311194992594,0.06654641884466529,0.0778286110182044
TCCTT,0.09527415143603134,0.725674499564839,0.14332463011314187,0.035726718885987815
CCTTG,0.033795486392159936,0.053047512119550555,0.019817749810700017,0.8933392516775895
CTTGG,0.029026249825929537,0.05747806712157081,0.040706377941790835,0.8727893051107088
GTATA,0.7184094256259205,0.05582870737509913,0.15201087572221592,0.07375099127676447
GGACA,0.9046697667337008,0.010080504469298552,0.07143899359897482,0.013810735198025769
GACAT,0.001993583154222347,0.9749867613618665,0.0010902407874653459,0.021929414696445815
CATAC,0.01944652206432311,0.015332834704562454,0.0034592370979805533,0.9617614061331339
ATACT,0.9193920858819123,0.009299712894769692,0.010547996504805892,0.06076020471851205
TACTA,0.0035166650056238165,0.5360280194199638,0.09063598957814258,0.36981932599626977
ACTAC,0.002434836897143749,0.048509442796940846,0.002434836897143749,0.9466208834087717
CTACA,0.8994154592376096,0.00907903737329768,0.02434550090168522,0.0671600024874075
CAGGT,0.0574071171029942,0.0420755604326697,0.88186236087161,0.018654961592726133
AGGTC,0.008715553186820078,0.013198733423205945,0.9669561400758692,0.011129573314104775
GGTCC,0.01697361403068428,0.0027609575502776647,0.01697361403068428,0.9632918143883538
GTCCA,0.004808145564250023,0.9844756607271927,0.0015084378240784388,0.009207755884478802
TCCAA,0.006315392591196154,0.9507022339523047,0.020077292864548967,0.02290508059195023
CCAAG,0.8736676127404605,0.06985178177231158,0.05285398927783034,0.0036266162093976663
CAAGT,0.8540217528771974,0.03427342860756292,0.08887694447957506,0.0228278740356646
AAGTG,0.059731028279326914,0.07237226037164608,0.8482262346153002,0.019670476733726773
TATAA,0.011294635834513135,0.06232499606732735,0.017272298253893346,0.9091080698442662
ATAAT,0.7468701339146683,0.07349735284957958,0.04497041420118343,0.13466209903456866
TAATG,0.7967585182621736,0.06345979149543626,0.0932070193652579,0.04657467087713227
GCATT,0.9240410038256451,0.020472371161430407,0.048832365843931407,0.006654259168993072
CATTG,0.0005677803573231048,0.004113253255274048,0.0007191884526092662,0.9945997779347936
ATTGA,0.005951444143277666,0.020535688263239194,0.002588091282679024,0.9709247763108041
TTGAT,0.033832582036740826,0.022718931981691906,0.935052660005401,0.00839582597616624
TGATT,0.9751449353074395,0.006056056371791394,0.014906730423482359,0.0038922778972867605
GATTG,0.009455875521161049,0.0554709414123832,0.005268945564030038,0.9298042375024257
TTGGG,0.008335356060175693,0.010465674755852566,0.9770571131986799,0.004141855985291763
GGGAT,0.031205356461969425,0.0032918651530018253,0.9634005602525713,0.002102218132457536
AAATT,0.8547975791762148,0.017932898525177744,0.12119395969210882,0.006075562606498619
CTATA,0.7925547073028062,0.10579994900484455,0.017188367105125012,0.08445697658722422
ATACC,0.8055138561250507,0.03952510305716396,0.10510639311840256,0.049854647699382845
ACCAG,0.021495470597267006,0.8606057116536159,0.03125159936537182,0.08664721838374533
CCAGT,0.8530669186805274,0.03031666741670792,0.10589082399531974,0.01072558990744491
CACCA,0.0200004680462685,0.8883858573437523,0.03664164037452211,0.05497203423545706
ACCAA,0.016516519900738602,0.9337851635311274,0.021896559884781047,0.02780175668335298
TAATC,0.8683470634042378,0.03849338087626542,0.06610926677322841,0.027050288946268288
AATCA,0.005759640164169132,0.023987066908466165,0.01584423021857402,0.9544090627087907
CCTAG,0.03904197011787672,0.10473759291238081,0.030332607553119603,0.8258878294166229
CTAGT,0.7871353282983738,0.04340775664029069,0.15175447816098858,0.01770243690034684
ACAAG,0.8975238846524674,0.03041020247173284,0.03821982645280042,0.03384608642299939
GTATT,0.9025302225302225,0.028831908831908833,0.05483945483945484,0.013798413798413798
TATTA,0.0049726629112178755,0.03758797385752233,0.0071969668430538845,0.950242396388206
ATTAA,0.03159228870655727,0.07058457296600182,0.02489938407488938,0.8729237542525515
TTAAA,0.9632056010501969,0.028730386947552665,0.0017378258423454398,0.006326186159904982
TAAAA,0.8763319825904248,0.019598279053479415,0.09061233678523188,0.013457401570863975
AAAAG,0.891583327067198,0.012319221996641351,0.09098428453267163,0.005113166403488984
AAAGC,0.8834130848151786,0.016191466243182816,0.08381741438034143,0.016578034561297198
CAAAA,0.8305673052998258,0.03905200298581737,0.09758646429460065,0.032794227419756156
AAAAC,0.7689235592714243,0.06100079625758933,0.10827859062406689,0.06179705384691948
AAACT,0.6441104004380179,0.05853512854334138,0.22488240710783705,0.07247206391080362
AACTG,0.07749549661469657,0.5885210261506926,0.1966954469221691,0.13728803031244177
ACTGA,0.025293013659470277,0.035745802105472485,0.020035546938116013,0.9189256372969412
CTGAT,0.05912481644640235,0.03302202643171806,0.88303671071953,0.024816446402349486
GGGAC,0.025891747155015778,0.015978132670300595,0.9542411781581716,0.0038889420165120654
GACAA,0.014701080680741265,0.9540013856923285,0.01424714698691556,0.017050386640014653
ACAAC,0.9046999409166362,0.024273415299777733,0.04502996370593366,0.02599668007765242
CAACA,0.862353064194282,0.0303979574942707,0.08559963750751562,0.02164934080393165
ACAGA,0.9172547171543457,0.016855067230542312,0.040485210504733984,0.025405005110378045
ATTAT,0.03631406761177754,0.08853871319520175,0.026652126499454743,0.8484950926935659
TTGTT,0.30223989341771096,0.0774803280736084,0.6013988925434032,0.01888088596527749
TGTTG,0.002519049006953408,0.004080443019527835,0.002727234875296665,0.9906732730982221
GTTGA,0.009555731356955489,0.02398301203314319,0.026710246908439855,0.9397510097014614
TGATC,0.9608309607311963,0.015885562556117477,0.016499497340894963,0.006783979371791231
GATCC,0.010066753625412414,0.0526356172792143,0.014685797590731221,0.9226118315046421
TCCTG,0.008218271140578973,0.927239754747215,0.03192795939320085,0.03261401471900517
CCTGA,0.01479785523690878,0.029503118660617333,0.012264206530248062,0.9434348195722259
CTGAA,0.05612378042107567,0.04853061258849576,0.8901179382276435,0.0052276687627850595
TGAAG,0.8905806560276223,0.03923533622468314,0.04818729209650933,0.021996715651185314
GAAGA,0.8382252617216781,0.03709162574852821,0.1020861933918961,0.022596919137897634
AAGAT,0.05961669305558205,0.02609323235598965,0.9031717568658871,0.01111831772254122
AGATG,0.936473377746135,0.01716970097640358,0.03186660903173311,0.014490312245728235
GTGAA,0.14806629834254142,0.08639871789464805,0.7556155370924887,0.009919446670321791
TGAAA,0.9208067551588028,0.03242676082141132,0.033284479456389585,0.013482004563396233
GAAAC,0.8172713278473556,0.05228149527737129,0.11027702287513383,0.020170154000139367
AAACA,0.8460835533820277,0.04676796259067162,0.08586625660933847,0.021282227417962277
AACAA,0.022234974366088827,0.8217922928004339,0.05722069126429098,0.09875204156918634
GCAAC,0.842144452717796,0.00967982129560685,0.04765450483991065,0.10052122114668652
CAACG,0.867645474137931,0.02491918103448276,0.07388200431034483,0.03355334051724138
AACGC,0.02130988118895607,0.9121108339323214,0.008752272631178386,0.05782701224754415
ACGCT,0.012392150228387753,0.19011165623413975,0.7708368578356736,0.026659335701798906
CGCTG,0.013959784539891142,0.744112919146056,0.14492794495050623,0.09699935136354663
CTGGC,0.014669237447710539,0.008309936970763003,0.966410716097825,0.010610109483701474
GGCAA,0.011507999187670646,0.9454836744364465,0.01772457521944175,0.025283751156441096
GTTTT,0.01757580891072336,0.050722796318256255,0.019439268168727767,0.9122621266022927
TTTTG,0.060511937200864056,0.03137133095201118,0.006409803893885273,0.9017069279532395
TTTGA,0.006367178676304495,0.020372148181612832,0.017421504404788797,0.9558391687372939
ATGGG,0.0064531335601167045,0.0012103606874848704,0.9869854374498337,0.005351068302564691
TGGGG,0.02096781793337417,0.025679687131885218,0.9262356876973096,0.02711680723743109
GGGGG,0.10768471014293945,0.06532415155422645,0.7951658481714176,0.0318252901314165
GGGGT,0.1096258886174622,0.09452968462657481,0.7699612988224961,0.02588312793346691
GGGTA,0.2662202217587002,0.06405752552420683,0.5478921945328795,0.12183005818421341
AGCAG,0.1624903125807285,0.5014208214931543,0.0805993283389305,0.2554895375871868
GCAGT,0.9118373351547313,0.03304786423580098,0.04581516313770819,0.009299637471759575
ACATT,0.9616137429781237,0.010732623914504375,0.022587443156239603,0.005066189951132308
TTAAT,0.8476793307195317,0.030999779115357003,0.09538074990336297,0.0259401402617483
AATAG,0.06198381108128401,0.10366976251452786,0.05322081314861098,0.7811256132555772
AGTGA,0.03129484238330698,0.03353105872962195,0.02366916184539641,0.9115049370416747
GTGAT,0.020416266834320504,0.010679659839184672,0.9516147711855995,0.017289302140895402
GGAGT,0.8961479045198585,0.023330177239580738,0.06577133270211458,0.014750585538446204
GAGTA,0.06456276797287865,0.1999783959849769,0.7010585967361319,0.03440023930601256
ATTAC,0.08126705225286394,0.1180274657712897,0.0727797397500176,0.7279257422258287
AAATC,0.8323624731459547,0.009601798498799776,0.14700521585662435,0.011030512498621185
TCAAT,0.8323394040204519,0.04909790282490147,0.08383974898165562,0.034722944172990954
CAATC,0.8318765128520382,0.05136012602297614,0.10540016137088408,0.01136319975410151
GTGGA,0.016626831549412864,0.011015275901486023,0.9698638678166892,0.0024940247324119298
AGTTG,0.015052159510272082,0.05841671428986546,0.016398523842271966,0.9101326023575905
GTTGG,0.014440799485948121,0.027029997632655824,0.025279853901045014,0.9332493489803511
GAATA,0.9117850131997564,0.019860556420496854,0.06169363027144114,0.006660800108305693
AGCAT,0.053865377302113326,0.6009534416254686,0.09447492801651546,0.25070625305590266
GCATA,0.8096773754609408,0.031241920779415167,0.11171435958144535,0.04736634417819869
ATAGG,0.8126171906845294,0.060776108046414305,0.06951275849887226,0.057093942770183974
CATAA,0.001157554958363717,0.01621596813919216,0.0028454434659337187,0.9797810334365104
TAAAG,0.9204047595974846,0.028464759495478588,0.045489552040883986,0.005640928866152897
GCAAG,0.7719077760918766,0.124256032205823,0.08014161570646926,0.023694575995831225
CAAGA,0.8137465260748733,0.06634686120647376,0.07830125061304562,0.04160536210560732
GTGAG,0.05943515167601615,0.08553884161685664,0.8455114822546973,0.00951452445242993
TGAGA,0.8437602090819993,0.05564460143743875,0.04215840411630186,0.058436785364260044
GAGAA,0.0902663270150648,0.12204995737338363,0.7674679789878859,0.020215736623665683
AGAAA,0.8828855227005381,0.04028809363042989,0.07190874770149355,0.004917635967538507
GAAAT,0.7344653510784763,0.11822956504002856,0.08195400540512977,0.0653510784763653
CATCT,0.0024277110906521394,0.018090552450874035,0.005037207311280647,0.9744445291471932
CCTGG,0.019349655187805476,0.04163411966880175,0.013714374986051287,0.9253018501573415
TGACT,0.9746626464336908,0.00959913004794622,0.012980080075132223,0.0027581434432306855
GACTC,0.004666521661756273,0.9625887331184624,0.009827378245308762,0.022917366974472546
ACTCT,0.0036766886081954575,0.009755085097550851,0.0121765601217656,0.9743916661724881
CTCTG,0.005879596572652624,0.9718515708675473,0.0043622813280971085,0.017906551231702962
TCTGA,0.01757204538608294,0.036996128571587954,0.017895594158271133,0.927536231884058
GATAC,0.0880923179841677,0.12874344965993978,0.048879473742892185,0.7342847586130004
ACTAG,0.022286821705426358,0.0827047978210769,0.02647705845380264,0.8685313220196941
CTAGA,0.9176489077479176,0.03221750746503222,0.046545130703546544,0.0035884540835035886
TAGAA,0.09837972735887116,0.0315141621398482,0.8653963428935987,0.004709767607681987
CAAAG,0.8466938683201252,0.035186249658408796,0.10467296765013523,0.01344691437133084
AAGCT,0.14166242386528635,0.12657690784635403,0.6884840942090475,0.043276574079312104
AGCTA,0.06117821205297388,0.7471772987102971,0.09484591279152166,0.09679857644520731
GCTAA,0.03957214196820996,0.05806644717150554,0.029836638888451297,0.8725247719718332
CAGTT,0.3464401450251869,0.0451439022042545,0.5960150158821831,0.012400936888375525
TACAC,0.007207262467030608,0.797859289701282,0.008878733975341961,0.18605471385634545
ACACC,0.8147981956875989,0.031221217202371112,0.037644947216777275,0.11633563989325273
ACCAC,0.01649273690282658,0.7847815826734491,0.01263831349310399,0.1860873669306204
CCACA,0.959626677852349,0.007419253355704698,0.026662122483221477,0.006291946308724832
ATTTT,0.001258489378783605,0.02024432052422592,0.010284895957645323,0.9682122941393452
TTTTT,0.029024578491374155,0.025219858464414997,0.007805111369590503,0.9379504516746203
TTTTC,0.008333877320103576,0.0601649367887373,0.013556150314424354,0.9179450355767348
TTTCG,0.001849796522382538,0.12870231333376858,0.041021958172836284,0.8284259319710126
TTCGA,0.0010446591799425438,0.9289414120309916,0.05621572212065813,0.013798206668407765
TCGAA,0.03153456631821442,0.03929324321387434,0.9215439115032709,0.007628278964640428
CGAAT,0.8872322416824012,0.015517503309677279,0.09477613559910585,0.0024741194088156782
ATGAC,0.004534853589012697,0.000647836227001814,0.9926794506348795,0.002137859549105986
TGACG,0.8622282375182607,0.023717452951791698,0.11160522471427343,0.0024490848156741426
GACGA,0.02775911760244436,0.9643313758207468,0.004442325611632392,0.003467180965176501
ACGAA,0.041646803900325026,0.037508125677139764,0.9186782231852655,0.0021668472372697724
CGAAA,0.9186565547128928,0.039284940411700976,0.03414951245937162,0.00790899241603467
GAAAA,0.7827858195371413,0.08167201178815983,0.09889919389789373,0.03664297477680506
AAAAA,0.9142931460528027,0.01597520267048164,0.06511466597303507,0.004616985303680583
AAAAT,0.8581248102693092,0.07465631640574179,0.04360553363112017,0.023613339693828873
TTAGA,0.9305571796071095,0.02889674929840973,0.0368773386342376,0.003668732460243218
AGAAG,0.9405768943356748,0.0146913764758631,0.03973994918547302,0.00499178000298909
TTACG,0.9221796298586208,0.01875437945674127,0.003462346976629158,0.055603643708008736
TACGC,0.001483679525222552,0.9004698318496538,0.0023079459281239697,0.09573854269699968
ACGCG,0.046366896096937726,0.007913283600544038,0.9379713967769855,0.007748423525532704
CGCGA,0.0275512725475661,0.9293715509430854,0.01737912857260522,0.025698047936743268
GCGAC,0.00852413111513754,0.021330917476527756,0.9658211167847142,0.004323834623620491
CGACA,0.9487548878370035,0.011689648075735748,0.03638608767236057,0.003169376414900185
GACAG,0.003580983741510599,0.9891747273101461,0.000782053920559786,0.0064622350277834945
GATCG,0.005919914859651457,0.012371956897698549,0.0030597312757749103,0.9786483969668751
ATCGT,0.0044547872340425535,0.9590425531914893,0.007446808510638298,0.029055851063829786
TCGTC,0.03137880600983912,0.014692195186810265,0.9485440765855604,0.005384922217790187
CGTCG,0.01881398750166201,0.06209280680760537,0.0087089482781545,0.9103842574125781
GTCGT,0.0023296059637912675,0.9916134185303515,0.002263045793397231,0.0037939297124600637
TCGTT,0.03328451604313673,0.1279456796698176,0.8123418985487951,0.026427905738250566
CGTTG,0.0029300126523273623,0.05254045415196111,0.012652327362322701,0.9318772058333888
TTGGC,0.013123709279861435,0.014722536806342015,0.9632269668909467,0.00892678702284991
GGCAG,0.00872588899094607,0.9536806193412938,0.0049206140926387615,0.03267287757512138
AGCTT,0.07698449976514796,0.6968294974166275,0.10930014091122593,0.1168858619069986
CTTAT,0.03652858357045194,0.07146816451720188,0.0352536861165515,0.8567495657957946
TTATG,0.8406572769953051,0.06619718309859154,0.010164319248826291,0.08298122065727699
TATGG,0.014025110459775144,0.03987925981014043,0.019318430377531826,0.9267771993525526
ACATC,0.9015151515151515,0.01626559714795009,0.0661764705882353,0.016042780748663103
CATTC,0.0,0.0,0.0,1.0
ATTCA,0.009798270893371758,0.02881844380403458,0.025360230547550433,0.9360230547550432
TTCAT,0.15628604382929642,0.7358708189158016,0.07554786620530565,0.03229527104959631
TAATT,0.8394644696189495,0.05351184346035016,0.08741503604531412,0.0196086508753862
AATTG,0.012147416100473544,0.08832612723903645,0.02882437718756434,0.8707020794729257
GAATC,0.8996372430471584,0.012394195888754534,0.044437726723095525,0.04353083434099154
CCCTT,0.006390748630553865,0.9513085818624467,0.01978088861838101,0.02251978088861838
CCTTA,0.016129032258064516,0.028910529519172244,0.006695069993913573,0.9482653682288497
AACGA,0.026057633353770693,0.03893316983445739,0.019926425505824647,0.9150827713059473
ACGAT,0.07976593778872805,0.04650446566060979,0.845087773329227,0.028641823221435173
CGATA,0.9220819217739452,0.03264551894056052,0.03264551894056052,0.012627040344933785
ATAAC,0.8390663390663391,0.02334152334152334,0.09183046683046683,0.04576167076167076
CACAC,0.020624749699639566,0.9146976371645975,0.0276331597917501,0.037044453344012816
TAGCT,0.1745049504950495,0.18811881188118812,0.5556930693069307,0.08168316831683169
AGCTG,0.07530864197530865,0.4604938271604938,0.09012345679012346,0.37407407407407406
GCTGT,0.654320987654321,0.09259259259259259,0.0024691358024691358,0.2506172839506173
CTGTG,0.1841779975278121,0.1557478368355995,0.5945611866501854,0.06551297898640297
TGTGG,0.013580246913580247,0.0691358024691358,0.0024691358024691358,0.9148148148148149
AATCC,0.0045662100456621,0.0319634703196347,0.0182648401826484,0.9452054794520548
ATCCA,0.014705882352941176,0.8676470588235294,0.05392156862745098,0.06372549019607843
TCCAT,0.00975609756097561,0.8536585365853658,0.11219512195121951,0.024390243902439025
CCATC,0.8284313725490197,0.12254901960784313,0.029411764705882353,0.0196078431372549
CATCA,0.1091703056768559,0.0611353711790393,0.008733624454148471,0.8209606986899564
GGGGA,0.1446955947863389,0.07111037782544134,0.732717373370731,0.05147665401748886
AACCA,0.0,1.0,0.0,0.0
CCAAC,0.8854884874329351,0.03289801499472751,0.0583450177874086,0.023268479784928794
ACACT,0.97533639645553,0.0033639645553002954,0.008959632425336397,0.01234000656383328
CACTG,0.03697979183451995,0.890639130506273,0.03954486410049821,0.032836213558708915
ACTGG,0.01249876818973163,0.033078211739973065,0.012975068160168184,0.9414479519101271
CTGGG,0.013803325767752096,0.00588262541108898,0.9766316179535874,0.0036824308675714483
GGGAA,0.12095646392627066,0.07205575551938376,0.7861482381530984,0.020839542401247163
GGAAC,0.8829462873386672,0.033378418651566905,0.07429907613305518,0.009376217876710759
ACCCA,0.011941778198368709,0.9165652742102655,0.041818755351268534,0.029674192240097336
CCCAA,0.0032360262502828694,0.9852907897714415,0.0016745870106358906,0.009798596967639737
ATCAC,0.016045845272206302,0.9478510028653295,0.026934097421203437,0.009169054441260744
TCACA,0.9419540229885057,0.007471264367816092,0.027586206896551724,0.022988505747126436
ACCTT,0.005434782608695652,0.9015700483091788,0.008454106280193236,0.08454106280193237
CCTTT,0.012696493349455865,0.03869407496977025,0.006650544135429262,0.9419588875453446
CTTTC,0.011487303506650543,0.03083434099153567,0.016928657799274487,0.9407496977025392
TTTCA,0.1523579201934704,0.010882708585247884,0.007255139056831923,0.8295042321644498
TTCAA,0.00955593029792018,0.9533445756042721,0.007869589657110737,0.02922990444069702
CTAAT,0.8307053941908714,0.04896265560165975,0.07219917012448132,0.048132780082987554
GGTTC,0.024390243902439025,0.04065040650406504,0.016260162601626018,0.9186991869918699
GTTCA,0.008130081300813009,0.0,0.04065040650406504,0.9512195121951219
CCTAC,0.04032258064516129,0.04838709677419355,0.04838709677419355,0.8629032258064516
GTGTT,0.13178294573643412,0.023255813953488372,0.813953488372093,0.031007751937984496
TGTTA,0.0,0.0,0.015384615384615385,0.9846153846153847
GTTAG,0.0,0.06976744186046512,0.023255813953488372,0.9069767441860465
ATGGC,0.0,0.0,1.0,0.0
CAGTA,0.09848484848484848,0.030303030303030304,0.8181818181818182,0.05303030303030303
GTAGG,0.8125,0.03125,0.1328125,0.0234375
TAGGA,0.03125,0.0625,0.8984375,0.0078125
AGGAC,0.0078125,0.0,0.9921875,0.0
GGACG,0.9307692307692308,0.015384615384615385,0.046153846153846156,0.007692307692307693
GACGC,0.015384615384615385,0.9384615384615385,0.023076923076923078,0.023076923076923078
ACGCA,0.0916030534351145,0.022900763358778626,0.8396946564885496,0.04580152671755725
TTGAA,0.0,0.0,1.0,0.0
GAAAG,0.7785058977719528,0.06290956749672345,0.13564875491480996,0.022935779816513763
TAAAC,0.8669527896995708,0.09012875536480687,0.034334763948497854,0.008583690987124463
AGAAT,0.9876543209876543,0.006172839506172839,0.006172839506172839,0.0
CACTT,0.016129032258064516,0.8951612903225806,0.04838709677419355,0.04032258064516129
ACTTT,0.0,0.047058823529411764,0.011764705882352941,0.9411764705882353
CTTTA,0.0,0.0,0.023529411764705882,0.9764705882352941
TTTAC,0.023529411764705882,0.08235294117647059,0.023529411764705882,0.8705882352941177
GGTGT,0.009345794392523364,0.018691588785046728,0.018691588785046728,0.9532710280373832
GTGTG,0.00847457627118644,0.01694915254237288,0.9576271186440678,0.01694915254237288
TGTGC,0.009345794392523364,0.009345794392523364,0.0,0.9813084112149533
GTGCC,0.0,0.0,1.0,0.0
TGCCC,0.018518518518518517,0.9537037037037037,0.0,0.027777777777777776
GCCCT,0.0,1.0,0.0,0.0
GCAGC,0.8796296296296297,0.037037037037037035,0.046296296296296294,0.037037037037037035
TGACC,0.9175257731958762,0.03951890034364261,0.027491408934707903,0.015463917525773196
GACCC,0.010309278350515464,0.9390034364261168,0.03350515463917526,0.01718213058419244
CCCAT,0.020671834625323,0.9552110249784669,0.012919896640826873,0.01119724375538329
ATCTG,0.011406844106463879,0.9049429657794676,0.060836501901140684,0.022813688212927757
TCTGG,0.019011406844106463,0.0076045627376425855,0.011406844106463879,0.9619771863117871
CTGGA,0.015209125475285171,0.011406844106463879,0.9543726235741445,0.019011406844106463
AAGTC,0.0037313432835820895,0.026119402985074626,0.9626865671641791,0.007462686567164179
AGTCA,0.0037313432835820895,0.014925373134328358,0.018656716417910446,0.9626865671641791
GTCAG,0.01486988847583643,0.9591078066914498,0.01858736059479554,0.007434944237918215
TCAGA,0.9591078066914498,0.0037174721189591076,0.01486988847583643,0.022304832713754646
CAGAA,0.022727272727272728,0.03409090909090909,0.9393939393939394,0.003787878787878788
ATACA,1.0,0.0,0.0,0.0
GACTA,0.0,1.0,0.0,0.0
ACTAA,0.0,0.5,0.5,0.0
CTAAA,1.0,0.0,0.0,0.0
AAAGT,0.8495934959349594,0.0040650406504065045,0.024390243902439025,0.12195121951219512
AGTGT,0.012195121951219513,0.0040650406504065045,0.0,0.983739837398374
TGTGA,0.0,0.0,0.008097165991902834,0.9919028340080972
GACGG,0.006607929515418502,0.973568281938326,0.011013215859030838,0.00881057268722467
ACGGA,0.019823788546255508,0.004405286343612335,0.9581497797356828,0.01762114537444934
CGGAA,0.04405286343612335,0.01762114537444934,0.933920704845815,0.004405286343612335
ACTTA,0.05128205128205128,0.0,0.02564102564102564,0.9230769230769231
GGATT,0.9252166377816291,0.00805892547660312,0.0572790294627383,0.009445407279029462
TCCTA,0.0012998266897746968,0.9799826689774697,0.0050259965337954935,0.013691507798960138
CTCTT,0.004247204645921817,0.9860448990205426,0.0032937505417352866,0.006414145791800295
TCTTA,0.011792248330876614,0.08341281539928899,0.01456689499696523,0.8902280412728691
AATCT,0.00259209802843453,0.020344042101955857,0.012934307333804624,0.964129552535805
CCCTG,0.0,0.90625,0.09375,0.0
TAGCC,0.0,0.0,1.0,0.0
AGCCC,0.045454545454545456,0.4143356643356643,0.458041958041958,0.08216783216783216
GCCCA,0.0,0.96875,0.03125,0.0
ACCCC,0.769620253164557,0.0810126582278481,0.1189873417721519,0.030379746835443037
CCCCA,0.021344717182497332,0.8868729989327642,0.035218783351120594,0.05656350053361793
GCATC,0.7313432835820896,0.04477611940298507,0.20149253731343283,0.022388059701492536
GAGCC,0.038817005545286505,0.08687615526802218,0.7818853974121996,0.09242144177449169
GCCCC,0.30185185185185187,0.5018518518518519,0.05740740740740741,0.1388888888888889
AAGTT,0.0,0.0,1.0,0.0
GTTAA,0.0,0.0,0.0,1.0
GAACT,0.8888888888888888,0.0,0.1111111111111111,0.0
AACTC,0.1111111111111111,0.7777777777777778,0.0,0.1111111111111111
AATGC,0.0,0.96,0.0,0.04
ATGCT,0.0,0.0,0.04,0.96
CCAAT,0.8205128205128205,0.05128205128205128,0.10256410256410256,0.02564102564102564
GATAG,0.0,0.06666666666666667,0.0,0.9333333333333333
TGGTT,0.3888888888888889,0.05555555555555555,0.3333333333333333,0.2222222222222222
GGTTA,0.13333333333333333,0.26666666666666666,0.0,0.6
AAAGA,1.0,0.0,0.0,0.0
CAGAT,0.0,0.0,1.0,0.0
AGATA,1.0,0.0,0.0,0.0
AACAT,0.0,0.9565217391304348,0.0,0.043478260869565216
TACCG,0.3333333333333333,0.3333333333333333,0.0,0.3333333333333333
ACCGT,0.3333333333333333,0.6666666666666666,0.0,0.0
CCGTA,0.0,0.6666666666666666,0.3333333333333333,0.0
CGTAC,0.0,0.3333333333333333,0.0,0.6666666666666666
TCACC,1.0,0.0,0.0,0.0
TAAGA,1.0,0.0,0.0,0.0
AAGAA,0.0,0.0,1.0,0.0
ACACG,1.0,0.0,0.0,0.0
CACGA,0.0,0.7142857142857143,0.14285714285714285,0.14285714285714285
ACGAC,0.0,0.0,1.0,0.0
ACTTC,0.0,0.0,0.0,1.0
CTTCT,0.0,1.0,0.0,0.0
TTCTA,0.0,1.0,0.0,0.0
