kmer,A,C,G,T
CTGGG,0.003180948611385975,0.0015753018009103503,0.9930338412824065,0.0022099083052971834
TGGGT,0.03421551446966125,0.009461114697914089,0.9481897084518199,0.008133662380604714
GGGTT,0.1788505627344727,0.10781912806806758,0.6879367628668808,0.025393546330578918
GGTTC,0.012982346191741186,0.03636148214664322,0.015370692558087328,0.9352854791035282
GTTCT,0.0009105101155021861,0.007254025250301882,0.0010696283881142187,0.9907658362460817
TTCTC,0.004171921478477887,0.9278711670914861,0.01367936158249212,0.05427754984754394
TCTCA,0.0043225541784394405,0.006077148890147809,0.009025152150710451,0.9805751447807023
CTCAC,0.002306670411193189,0.9921648938016516,0.001147024205839568,0.0043814115813156545
TCACT,0.9159344655990579,0.02718130491508007,0.035921534216208105,0.02096269526965397
CACTC,0.02607522347782088,0.9011442419508038,0.03385322811160132,0.03892730645977399
ACTCA,0.0012317762781897503,0.006102084790225305,0.0012300013844171425,0.9914361375471678
CTCAG,0.00836570647599286,0.9519483500819487,0.019824286352384698,0.019861657089673752
TCAGC,0.9222436852150696,0.012993557646565556,0.05303509372109551,0.011727663417269378
CAGCA,0.18627995760901617,0.16417017897442235,0.6178734051073544,0.031676458309207
AGCAC,0.05502892967518609,0.7434843913816617,0.05151120201773686,0.14997547692541538
GCACT,0.8748953109307067,0.014978461579528658,0.060883158656910144,0.049243068832854515
CACTA,0.04455737055176514,0.8377700082099482,0.08869716615236531,0.028975455085921354
ACTAG,0.04906843090082866,0.0805533279871692,0.030685645549318363,0.8396925955626837
CTAGT,0.7266432734845778,0.0978847552033913,0.1373738431773651,0.038098128134665864
TAGTG,0.10195804232766278,0.12140028549671407,0.7467271890503968,0.02991448312522629
AGTGG,0.026534135769319043,0.039630534952814725,0.01684840516073294,0.9169869241171333
GTGGA,0.03537765667088591,0.013404391083372873,0.9454186046165722,0.005799347629168978
TGGAG,0.04125402012047208,0.024874652839579143,0.9301604466041806,0.003710880435768186
GGAGT,0.924238107896016,0.022066992071048154,0.04192167208007108,0.011773227952864727
GAGTG,0.057018945777881094,0.02297575114778869,0.9089215144999129,0.011083788574417388
GTGGG,0.008828509289432598,0.00854177628230585,0.9747746636980242,0.007855050730237286
GGGTG,0.012938416450863983,0.11761997451782412,0.8641770791969461,0.005264529834365857
GGTGT,0.0221174656823505,0.021250829576009687,0.012365528864683895,0.9442661758769559
TCATT,0.8921229638518774,0.028847523236077616,0.07269314369363164,0.006336369218413293
CATTT,0.0030490128820794267,0.012760595319765226,0.00393989633356201,0.9802504954645933
ATTTA,0.01489190030558891,0.03619417919835325,0.01784190274098216,0.9310720177550756
TTTAT,0.013501413160641991,0.03631568226377301,0.01310462481221514,0.9370782797633699
TTATT,0.8835581991107446,0.036640852742852094,0.016237448838373428,0.0635634993080298
TATTG,0.0033672212272110816,0.06245405981799924,0.010093899143830298,0.9240848198109594
ATTGG,0.005578470931215143,0.007941894118641202,0.03082616824404259,0.9556534667061011
TTGGA,0.019187406233998016,0.022497851429735014,0.9438841359154108,0.014430606420856255
TGGAA,0.03862646071388201,0.03710169943225745,0.9164376361909681,0.007834203662892442
GGAAT,0.9095479423318967,0.03130840230367291,0.04905078378275297,0.01009287158167741
GAATG,0.8679090732287699,0.028584503094576198,0.08991316882314583,0.01359325485350814
AATGA,0.0060027852258319305,0.03627860572426264,0.011398640643511879,0.9463199684063935
ATGAT,0.040376046866619913,0.01299661702215438,0.9350808614216758,0.011546474689549899
TGATG,0.9306797188670104,0.013543752137072268,0.05141780774746844,0.004358721248448923
GATGA,0.02660896499181935,0.04292298057519684,0.01489020802220997,0.9155778464107739
TGATA,0.9601550715483205,0.014858689090789405,0.017271177728633194,0.007715061632256899
GATAA,0.05202491559281173,0.03670117855857469,0.04069826120240015,0.8705756446462134
ATAAG,0.8638938925283213,0.03466478090555511,0.09431960866744807,0.007121717898675606
TAAGC,0.8701257809060461,0.043100998110778596,0.05746242455653453,0.02931079642664081
AAGCG,0.09736225316357036,0.044384627803789045,0.8421805670765993,0.016072551956041264
GTGCA,0.05435344427706186,0.001915082545138076,0.9278972526186048,0.015834220559195266
TGCAC,0.0019068209005712903,0.9015294253268903,0.01752423212190047,0.0790395216506379
GCACA,0.8824572159260102,0.026328714813711924,0.06295223247911157,0.028261836781166248
CACAC,0.010393738093592996,0.9451655463539662,0.0017438053781590021,0.04269691017428183
ACACA,0.909783932799597,0.01004963722804572,0.06048983876940571,0.01967659120295155
ATTTT,0.011598337778329096,0.03127829808348322,0.02563108602617379,0.9314922781120138
TTTTT,0.024209659113007875,0.031274198167745675,0.007771700121278123,0.9367444425979683
TTTTG,0.01832320978313262,0.022110179304941305,0.007698763089721604,0.9518678478222045
TTTGG,0.020169577492868306,0.04308482099664891,0.02652726755657714,0.9102183339539056
GTGGT,0.0684336752051405,0.025064761349636977,0.8888975650196984,0.017603998425524157
TGGTT,0.059422027505217176,0.04827671129891509,0.8817295104278733,0.0105717507679944
GGTTA,0.026421747472658918,0.05374949141915732,0.01879803726702551,0.9010307238411582
GTTAT,0.018750887291405855,0.041147735632332254,0.016727862886052425,0.9233735141902094
TTGAC,0.007469899283859739,0.012931300940587939,0.9760965600540196,0.0035022397215327115
TGACT,0.967535139686827,0.014690234622289746,0.013418053120933833,0.004356572569949428
GACTA,0.019395445169687886,0.9303000303146577,0.020769992304740748,0.029534532210913702
ACTAC,0.024831953811740796,0.052453845461179927,0.017922666163309887,0.9047915345637694
CTACT,0.8248216016301048,0.07042854118439573,0.012790092834591222,0.09195976435090833
TACTG,0.00528605129600593,0.8841447187943825,0.017325115988497907,0.09324411392111362
CTGGA,0.013888880383548657,0.0048632514799802325,0.9787747533468344,0.0024731147896367395
GGAGG,0.9406039072291789,0.018429404256787057,0.029752664803891132,0.011214023710142927
GAGGC,0.018741073308409725,0.006467050194324473,0.9607367828061251,0.01405509369114074
AGGCA,0.15112104045320354,0.015499082422404852,0.8052629945831893,0.028116882541202336
GGCAC,0.011678376638507442,0.9626952813881878,0.01472731365742112,0.010899028315883566
GCACC,0.8716125477035043,0.02890791648919349,0.057617005886824536,0.04186252992047773
CACCT,0.05122292343505753,0.7775478472014811,0.09628343652041309,0.07494579284304832
ACCTT,0.03389090789565389,0.8269444222101768,0.052791185125690906,0.08637348476847838
CCTTC,0.011555382977911987,0.05490497058283091,0.011357766167308632,0.9221818802719485
CTTCA,0.003334727131537325,0.00804031106805631,0.0012275812753166995,0.9873973805250896
TTCAG,0.011365478892852374,0.9357700818343093,0.008406376971939798,0.04445806230089846
AGCAG,0.03949463141921933,0.7876029453470228,0.04503212787424991,0.12787029535950792
GCAGC,0.8926168764720723,0.016238828704450967,0.07228218030467098,0.0188621145188057
CAGCT,0.2813558521341801,0.1612475399587095,0.5265739741200641,0.03082263378704636
AGCTA,0.053554613602135134,0.6527705295580823,0.0451362397433752,0.24853861709640732
GCTAT,0.03914468006234359,0.07536485459637493,0.01667952221929938,0.8688109431219821
CTATG,0.8383757269486315,0.04748955988540867,0.014882830318436863,0.09925188284752294
TATGC,0.009827036978435547,0.0677307946821139,0.00577712548256379,0.9166650428568868
ATGCT,0.07373379748391938,0.047945455239290544,0.8267618712448536,0.0515588760319365
TGCTA,0.027081047621871666,0.7924299089669078,0.09992234758628869,0.0805666958249318
GGATC,0.8984294807250005,0.021738439199143606,0.057990912626361864,0.021841167449493982
GATCA,0.003608915210321762,0.014348908071808159,0.00853234143246173,0.9735098352854084
ATCAT,0.013225199943875403,0.9264094289322296,0.025070857303213134,0.03529451382068191
TCATC,0.8841742086744193,0.027453748554923704,0.07342428160350348,0.014947761167153462
CATCC,0.022077838395120064,0.052689118948408435,0.014465827569912796,0.9107672150865587
ATCCC,0.013381454150957582,0.909109657461412,0.02683594882866626,0.05067293955896411
TCCCT,0.014139706118430205,0.9546912959256841,0.01583064887252646,0.015338349083359197
CCCTA,0.003687536725467388,0.9666422829549861,0.009398721653935172,0.02027145866561137
CCTAT,0.03662113880454492,0.08392433719944636,0.027709408495434695,0.851745115500574
CTATC,0.695420427438835,0.09961761503967093,0.12337644713708863,0.08158551038440545
TATCT,0.01640925467989574,0.03351494954036467,0.013003001452119549,0.93707279432762
ATCTT,0.06629208688354361,0.6160623604216157,0.19851495711298558,0.11913059558185517
TCTTT,0.03391554502396375,0.08552284939041055,0.03555539276043853,0.8450062128251872
CTTTG,0.021857897449900614,0.025610627218628685,0.005677782763864024,0.9468536925676067
TTGGT,0.08940623729998062,0.07061115816580385,0.8303163468002598,0.009666257733955722
TGGTA,0.12733789505896995,0.07368074664112646,0.7710828293795959,0.02789852892030766
GGTAC,0.10607040708256439,0.0884004616857873,0.05777414179080814,0.7477549894408402
GTACA,0.7802225488137728,0.03160823010707537,0.09773777031282804,0.09043145076632375
TACAG,0.029820941688224183,0.8572444314110196,0.03216695817317931,0.08076766872757699
ACAGC,0.8855572282208443,0.027493605045563516,0.05485392847561715,0.03209523825797511
AGCAA,0.034157666666988586,0.7926386553647982,0.08210433400324299,0.09109934396497026
GCAAA,0.8500694090614969,0.041910721278754934,0.07722582718898213,0.030794042470766083
GTGCG,0.030541134756103313,0.001171179222059466,0.9579743706021804,0.010313315419656828
TGCGA,0.001353739272696375,0.919332404917818,0.011314956082681786,0.0679988997268039
GCGAG,0.016042852877692203,0.019663868548345644,0.96010284515665,0.004190433417312122
CGAGA,0.9306902641964591,0.053752613632974684,0.014981791552208043,0.0005753306183582243
GAGAG,0.03201071033800366,0.0228665274896652,0.9408116966073813,0.004311065564949911
AGAGA,0.9282241321125686,0.015332922499046277,0.05024650057223347,0.006196444816151656
ACGAT,0.03698353987238676,0.018669510515942653,0.9382902706156574,0.006056678996013211
CGATA,0.9540851212054752,0.007418110510495014,0.033749177557312965,0.004747590726716809
GATAT,0.03275274027524077,0.07349812962896815,0.021666003589240163,0.872083126506551
ATGGA,0.01541000494806703,0.0105416286022906,0.9638349185742322,0.010213447875410136
TGGAC,0.006046881737014979,0.003586063777951492,0.9877601765806315,0.002606877904402013
GGACG,0.9745351886043674,0.00922215678268735,0.014167458565332544,0.0020751960476126817
GACGT,0.0087808993986371,0.9657749906446715,0.0045263105206329686,0.020917799436058416
ACGTC,0.01572611550762108,0.014137173495064506,0.9626509226710914,0.007485788326223026
CGTCT,0.0047840542579741146,0.013862978716347868,0.005338383892223158,0.9760145831334549
GTCTG,0.007259364826027918,0.9280862071159408,0.03574239661744683,0.02891203144058446
TGCGG,0.0023372887450557353,0.946362219825003,0.0074313795996643894,0.04386911183027688
GCGGG,0.0,0.0,1.0,0.0
CGGGG,0.010054875322130806,0.010083308131525007,0.975992369667879,0.003869446878465249
GGGGG,0.028234164871184814,0.015342434979730627,0.9475293829328814,0.008894017216203245
TACTA,0.004916920026646209,0.8633690405154968,0.015838392640089915,0.11587564681776709
CTACA,0.9073020723746926,0.024384590167981817,0.013329364790890275,0.05498397266643532
TACAT,0.003967218527176779,0.9211508661316691,0.007926449366043805,0.06695546597511036
ACATG,0.9377960793209041,0.017835280295694,0.013682536082054504,0.030686104301347314
CATGG,0.0026412212870469036,0.009587604779841242,0.004518853248388769,0.9832523206847231
TGGAT,0.02084371678643508,0.014155694188588967,0.9611463591136404,0.003854229911335559
GGATA,0.9393158498108811,0.02105607120180365,0.02865798282684887,0.010970096160466344
GATAC,0.030623372551849975,0.03782051354341347,0.03155825658224893,0.8999978573224876
ATACA,0.9420046266175088,0.011984342641849626,0.006360535973226853,0.03965049476741467
TACAC,0.002428054079306481,0.933719831537832,0.001957371624873109,0.06189474275798843
ACACC,0.8995091678806861,0.034305148384433486,0.031211647049654463,0.03497403668522596
TTCAC,0.005956985833570946,0.9537590089931006,0.0061714878821212725,0.034112517291207164
TCACC,0.9080101751353201,0.025671879325219374,0.04383951564806363,0.022478429891396895
CACCA,0.024182604043029115,0.8354766646812549,0.07403326550243658,0.06630746577327944
ACCAG,0.024102323976637013,0.8677565251679309,0.03602704894934054,0.07211410190609159
CCAGT,0.8753449029748352,0.02130482637998884,0.0928109403977504,0.010539330247425479
CAGTT,0.3250151786469101,0.0908797466895179,0.5727460670012373,0.011359007662334669
AGTTA,0.03022392744016376,0.04801735559569596,0.021630168523996227,0.900128548440144
TTATG,0.8701702026762335,0.03651213377043772,0.009788457969938763,0.08352920558339004
TATGA,0.007980959401416,0.03581916249310429,0.008725335029257094,0.9474745430762226
GGATG,0.9596938564922826,0.0127677723814372,0.02225515496844418,0.005283216157836083
ATGAA,0.04366285095157339,0.0219168079894479,0.9212184379121915,0.013201903146787262
TGAAC,0.9399580689242059,0.016697553396604333,0.03968476816233316,0.0036596095168566667
GAACC,0.8968591210293287,0.024009746530769916,0.06210441862538258,0.017026713814518764
AACCC,0.016213744290117887,0.8618522281649122,0.02606302231345426,0.09587100523151562
ACCCT,0.02236049541748683,0.9202159646937816,0.023201745594116505,0.03422179429461501
CCTAA,0.034447465371844906,0.05352053920724505,0.0315151985525419,0.8805167968683681
CTAAC,0.779005219640252,0.06377741538801508,0.11470318027708494,0.042514184694647975
TAACA,0.8883216888665494,0.03067906509173159,0.05783764765016336,0.02316159839155567
AACAG,0.06958269718633023,0.718135168130406,0.08300167105836583,0.1292804636248979
ACAGT,0.917919105849572,0.012559201368558173,0.06095854606388617,0.008563146717983574
CAGTG,0.08771519238935628,0.11199501270566145,0.7854554433550001,0.01483435154998216
GGTAA,0.08412538677209534,0.0765035631726332,0.04803918721050824,0.7913318628447632
GTAAC,0.6979711884414074,0.06666459076999726,0.1944398051299181,0.04092441565867729
AACAC,0.05682937414819999,0.7982889529846432,0.07110838499518748,0.07377328787196935
CACAG,0.020814434817062362,0.9062112254579958,0.028457255466232914,0.044517084258708955
ACAGG,0.9289016188387144,0.0200859271613219,0.033609484618313,0.017402969381650743
ATAGC,0.8227702446873965,0.030041648918547968,0.11486138719295755,0.03232671920109802
TAGCA,0.1904069594880704,0.15772524545789127,0.6038966563906114,0.04797113866342687
AGCTC,0.015424422840203985,0.7701534905921069,0.08570100736051449,0.12872107920717463
GCTCG,0.00958237753591358,0.011502106821546522,0.009403419721151187,0.9695120959213888
CTCGT,0.0016090104585679806,0.9862056786295941,0.0043953456429174104,0.007789965268920589
TCGTC,0.012935937855494524,0.013114700815809146,0.970764130399454,0.00318523092924237
TTTGA,0.008938666021364245,0.020528244913311598,0.012286610719998807,0.9582464783453254
CACCG,0.05225517627308338,0.6759910464465585,0.16269725797425855,0.10905651930609961
ACCGG,0.010586515893707541,0.9362703509434663,0.0192408920045331,0.03390224115829303
CCGGC,0.057551782146987696,0.00925244453790348,0.9203915203448638,0.01280425297024498
CGGCT,0.35859591533375657,0.14927767369121905,0.4765867178669309,0.015539693108093462
GGCTA,0.016036995352739142,0.9379057008891676,0.01856620166371108,0.027491102094382172
GCTAC,0.03657622890035622,0.07028296373227765,0.01503921482211053,0.8781015925452557
ACTAT,0.01940834795300754,0.058397752963649276,0.015150354313377424,0.9070435447699657
CTATA,0.8607637818772411,0.03643043386802468,0.013730511650205219,0.08907527260452898
TATAT,0.007624607082138259,0.07438308912408974,0.008758962177400222,0.9092333416163718
ATCAA,0.010045529124078497,0.9351679083473063,0.026877644794773684,0.027908917733841514
TCAAC,0.879801054376716,0.030331312883220322,0.07171165165217849,0.018155981087885194
CAACC,0.9104416509581247,0.016426316337269143,0.05546136855130622,0.01767066415329995
TGGTG,0.060078538001514914,0.037655194822192574,0.8912974559288462,0.010968811247446227
GGTGG,0.031135966888819845,0.04916666899922839,0.021228644231155,0.8984687198807968
GTGGC,0.0172122862525863,0.0063854448854361355,0.9673136550859822,0.009088613775995293
TGGCA,0.16695606059310072,0.13502436326208256,0.6501113382544557,0.04790823789036104
CACAA,0.013877656353505838,0.9195758368859754,0.02402859453550136,0.04251791222501737
ACAAA,0.9311174880539079,0.02350785943965462,0.028151782625962414,0.017222869880475025
TCGGG,0.061586223290154625,0.00801044766287958,0.9255604019829939,0.004842927063971887
GGGGA,0.02108446228202024,0.00831132714592423,0.9637841030067332,0.00682010756532233
CTGGT,0.02133775553506191,0.009835566165889462,0.9628026533210371,0.006024024978011479
GTTAC,0.025655977172019916,0.055819579395996945,0.03674356178030364,0.8817808816516794
TTACT,0.8826822345491422,0.040453905392862186,0.008291394822245664,0.06857246523574995
TACTC,0.006631360810499655,0.8815288970757541,0.006677411927239235,0.10516233018650702
ACTCC,0.007918464217192162,0.037174638733932945,0.014156750102585146,0.9407501469462898
CTCCA,0.009702177125130424,0.9692548475872356,0.0014145361091853813,0.019628439178448632
TCCAT,0.011181494074384426,0.9689600229268133,0.003650845815622941,0.01620763718317932
CCATC,0.854690260218883,0.05367200480414865,0.06394209810337674,0.027695636873591715
CATCA,0.0014408288529916893,0.013625724134671105,0.004753159581862013,0.9801802874304751
ATCAG,0.01801394900571989,0.9009472321545682,0.03963205648035677,0.04140676235935513
GCAGT,0.9136444899531487,0.015611058615137936,0.0629035284976311,0.007840922934082251
GTATC,0.7396158244078026,0.033809887886763604,0.16486464542582055,0.06170964227961325
ATCTA,0.02938337739537616,0.8188767869003329,0.05767714171192251,0.09406269399236837
TCTAT,0.028095034855598236,0.11050505050505051,0.026968274292217955,0.8344316403471334
TATCA,0.017472769202366834,0.02592127866626197,0.030918415560276986,0.9256875365710943
TCATA,0.8625024400683925,0.04376835930977227,0.06340650010701022,0.03032270051482503
CATAG,0.050665278862000174,0.11137479399774482,0.03839361609853413,0.7995663110417208
ATAGT,0.8253977847803015,0.04094529972668303,0.11961715135695523,0.01403976413606022
TGGGA,0.02883543061937512,0.017319544970684712,0.9459217213429305,0.007923303067009706
GGGAG,0.05588980092877842,0.04420837161222004,0.8874892254454402,0.012412602013561362
GGAGC,0.8632489470933629,0.025943517066822425,0.09358956623320729,0.017217969606607438
GAGCA,0.2071095758487914,0.18967211946315177,0.5551791068773527,0.04803919781070415
ACCTA,0.02169893820144821,0.874838491029633,0.045975968070395216,0.057486602698523646
TGGCT,0.1318992247265584,0.08189994390414801,0.7512950333595662,0.03490579800972739
CTACG,0.917274484763746,0.02737326677199376,0.011883790227462778,0.04346845823679752
TACGA,0.002907051309455612,0.9656198431902323,0.004253700077806373,0.027219405422505706
TATGG,0.0037392604833229566,0.021599831247896984,0.005554513425353836,0.9691063948434262
ATGGT,0.030919164866651055,0.017538548506206418,0.9423313792945787,0.00921090733256391
GGATT,0.9445007907448969,0.018894364780521675,0.02354796809287878,0.01305687638170262
GATTC,0.01578740405434085,0.027656271748697128,0.00785983029202199,0.94869649390494
ATTCA,0.004447642268514309,0.006285803705293609,0.0015532120509800355,0.9877133419752121
TCAGT,0.9177012034141547,0.017673248070647622,0.05613686509178226,0.008488683423415369
CAGTA,0.12403896402235957,0.0785016772369989,0.7804592821667456,0.017000076573895826
AGTAG,0.046135769471237896,0.08614401459189523,0.03815664690407475,0.8295635690327922
GTAGC,0.7255445478501618,0.04783014777010574,0.17388505287034256,0.05274025150938991
TAGCT,0.30754165776161585,0.207012439528415,0.4466114063571337,0.03883449635283546
ATGGC,0.01731452196159285,0.006398493075270674,0.9660995908850484,0.010187394078088063
GGCAT,0.022676970337606003,0.9445750077824872,0.014535291441316626,0.01821273043859019
TTATA,0.8956116063157461,0.02848184325915557,0.0373607880272557,0.0385457623978426
TATAC,0.01044403791784467,0.08289816508675647,0.00890293253506292,0.8977548644603359
ATACG,0.7836136089376776,0.05657090583518237,0.04830861458211686,0.11150687064502317
TACGG,0.013607668483235864,0.9096537451522583,0.017730916932669944,0.05900766943183597
ACGGT,0.043713397653040977,0.01696658853267299,0.926127370656399,0.013192643157887003
CGGTA,0.07137172081734293,0.11815695947170585,0.7769249560674237,0.03354636364352753
GGTAT,0.07453870589461856,0.1050317709135833,0.0359172323184048,0.7845122908733934
GTATG,0.7620536812773909,0.08777407577359696,0.030366963935385616,0.11980527901362648
GATGG,0.02577791202420333,0.0541661591826991,0.016449301133678585,0.903606627659419
GGAAG,0.9008608172729647,0.04439359735231927,0.04362602677157771,0.011119558603138284
GAAGT,0.8704315934541785,0.0301121344709949,0.08410461867502089,0.015351653399805704
AAGTA,0.169744061800592,0.13112169999759343,0.6465628233821866,0.052571414819627946
AGTAA,0.05759116596599937,0.05698588254009518,0.04770292999858379,0.8377200214953217
GTAAT,0.7182244673190156,0.06322012538653789,0.16981721523276994,0.04873819206167662
TAATA,0.7851467898843212,0.06665656685892372,0.10315005789354081,0.045046585363214334
AATAA,0.1151746340087885,0.08140709815379073,0.10214594739961515,0.7012723204378056
ATAAA,0.8198059120911888,0.05526083951152736,0.10833412396145349,0.01659912443583036
TAAAT,0.8290026355943959,0.09115272575946733,0.04320525269339252,0.036639385952744255
AAATA,0.8299018301181237,0.028520292757972018,0.115506881030898,0.02607099609300625
GCGAA,0.030302228015152134,0.02576880778787015,0.9339273349354406,0.010001629261537208
TGTGG,0.003488268469363073,0.02464703560834638,0.012501750499688092,0.9593629454226025
GGTGA,0.031555748131743507,0.037686090114957285,0.02354957142882616,0.9072085903244731
GTGAT,0.03865423154000308,0.014554750526694414,0.9298297449600055,0.016961272973297022
TGATT,0.9521758328902666,0.016466310411015688,0.023353368958898432,0.00800448773981923
GATTG,0.012688221355958113,0.04506325001910877,0.01098754108384927,0.9312609875410839
ATTGC,0.0034826217176290313,0.02019920596224838,0.02260221494741241,0.9537159573727102
TTGCT,0.017525905078674683,0.013816041959831138,0.9572299688712634,0.011428084090230694
CCAGC,0.8764427261015137,0.01964299060921647,0.08629057083245185,0.01762371245681798
AGCTG,0.021411405373317247,0.8220088661649528,0.054786388617605944,0.10179333984412402
GCTGC,0.006994714520230953,0.013831653524967975,0.005503360242824031,0.9736702717119771
ACAAC,0.9381079724443522,0.016196732094021532,0.02923460380101776,0.016460691660608578
CAACT,0.9038300418910832,0.03992082124936703,0.04116834691340975,0.015080789946140035
AACTG,0.02384075389699218,0.8092598951794953,0.06859775834989332,0.09830159257361923
ACTGG,0.005597978368350085,0.011754200575696431,0.009546328261721925,0.9731014927942315
GTTCG,0.009637784596195444,0.014953930269485596,0.010443077733493383,0.9649652074008256
TTCGA,0.0028283713348753003,0.9618653076739706,0.013927634927486743,0.021378686063667347
TCGAC,0.006208695652173913,0.0071282608695652176,0.9842869565217391,0.0023760869565217393
CGACC,0.9471660505820263,0.02146034818564471,0.02822570019237173,0.0031479010399572613
GACCC,0.0053345992975698435,0.9734979986815372,0.005080356479929442,0.016087045540963466
ACCCC,0.043330582538309084,0.9309513376204215,0.025680265677863367,3.781416340612189e-05
CCCCT,0.04344088007581705,0.8792182576592147,0.017575569672302373,0.059765292592665886
CCCTG,0.005406499426191916,0.9567350858343686,0.0172896019085309,0.020568812830908556
TTACA,0.9024778994190217,0.03410440173260595,0.012275310365217491,0.05114238848315485
CCTTT,0.009837083922593498,0.024786143357694013,0.007453394460173364,0.9579233782595391
CTTTA,0.0053315683457792655,0.008029506159648269,0.0013098898663595746,0.985329035628213
TTTAC,0.014449534811525762,0.09748026829474793,0.016559110450513167,0.8715110864432132
TTACC,0.8011019446954101,0.03792131364446485,0.08256192267626425,0.07841481898386085
TACCA,0.0760969971343945,0.7268716738507477,0.10142509692489224,0.09560623208996556
CAGCG,0.11258264073968395,0.04686466042168785,0.8298192679654441,0.010733430873184029
AGCGC,0.009568893749693932,0.8980134179984003,0.014518208974714746,0.07789947927719104
GCGCT,0.2024939609584122,0.14833844747665992,0.6209701638702095,0.028197427694718287
CGCTT,0.02113843378241514,0.6944875940743346,0.18096140631971108,0.10341256582353918
GCTTA,0.0326348737486049,0.06283898506577604,0.016327227056707534,0.8881989141289115
CTTAC,0.08268600480012388,0.0851054220754084,0.06756948566414617,0.7646390874603216
TACAA,0.010244230429991794,0.8670525403492805,0.02436168499311001,0.09834154422761775
ACAAT,0.9096820778738193,0.018142547684096292,0.05398426646510626,0.018191107976978198
CAATG,0.8170183460344341,0.07106971493084956,0.09983178097657353,0.012080158058142818
AATGG,0.027931246163290364,0.07292521836887143,0.019170605072222593,0.8799729303956156
GAGCT,0.06538262757123661,0.10920993694655963,0.8018261378906385,0.02358129759156531
CGAAA,0.9774580056235315,0.014579140486304348,0.006961773722582163,0.0010010801675820688
GAAAG,0.8614262222556115,0.015047426661880872,0.11829258452352134,0.005233766558986302
ATATC,0.8651752823624218,0.03187055372245567,0.05241705870251384,0.050537105212608645
CATAT,0.07661173890332648,0.1010631912608728,0.0358474221586319,0.7864776476771688
ATATG,0.7433823783970919,0.09330794530032889,0.02901159771507703,0.13429807858750217
GAAGC,0.8193503934416158,0.024203352043570422,0.13371748566011735,0.022728768854696504
AAGCA,0.14778584805636202,0.170855834877476,0.6194809698867408,0.06187734717942112
GCAAT,0.8402939964280808,0.030419436313103027,0.10235450769864837,0.026932059560167816
CAATA,0.7431669801925418,0.08760281804433624,0.1113570137582531,0.057873188004868875
TTCGG,0.004798238268043795,0.9624422319406967,0.014925095375453615,0.017834434415805962
TACTT,0.0008143739855918449,0.9461587744525756,0.0019334263504086108,0.051093425211424015
ACTTT,0.010591038804389398,0.04723442836472756,0.010062824116544218,0.9321117087143388
AGCGG,0.03612004042891123,0.7652995311158227,0.031347605042974715,0.1672328234122913
GCGGC,0.001408956543359947,0.012652982291350113,0.9822084703152195,0.0037295908500704477
TTTAG,0.01136166846067389,0.09760304788810828,0.013422796002702896,0.877612487648515
TTAGC,0.8671098598340914,0.02265609499436172,0.09285708903963373,0.017376956131913174
ATGCC,0.02833238905383194,0.02695901293095682,0.9185303674281631,0.026178230587048223
TGCCA,0.02865541859143796,0.8317558284703365,0.08714249609978471,0.05244625683844083
GCCAT,0.0067687037809042875,0.9769646388621349,0.0075100575627326995,0.00875659979422812
TATTT,0.00755906872273336,0.0317576874529058,0.012070512912809143,0.9486127309115517
TATAG,0.012831783357370986,0.08070886873002482,0.014164293387224976,0.8922950545253793
TAGCG,0.09242511467251016,0.17181377555757768,0.6822317963193374,0.05352931345057475
GCGGT,0.09934286818708929,0.020698731754008135,0.8711414213926777,0.008816978666224898
CGGTG,0.0806078898347049,0.03463887382395246,0.8723796835577354,0.012373552783607253
GGTAG,0.08091360870481218,0.10893132787767877,0.05284080972819494,0.7573142536893142
GTAGT,0.7488583241092381,0.05422712020642097,0.16373452246517517,0.033180033219165746
TAGTA,0.11249000698304883,0.13451421102549682,0.7252963549565943,0.027699427034860044
CACAT,0.02551232175142634,0.8946741753255433,0.021277269305718726,0.05853623361731165
ACATA,0.9165607725862254,0.023165059942949897,0.03430437408901897,0.02596979338180575
ATACC,0.826447532296271,0.03430120393660407,0.09094727587975286,0.0483039878873721
GTATT,0.9206464840669616,0.023512152869048425,0.044608502126658206,0.011232860937331801
TATTA,0.004552092029930364,0.0346800746695684,0.006025471453273673,0.9547423618472276
ATTAC,0.03590726810549073,0.059632895467905705,0.03562802453888827,0.8688318118877153
TTACG,0.9082321408142252,0.03806364096948698,0.009135927566313106,0.04456829064997467
CGATT,0.9425804617515591,0.013228329311001832,0.03811234704555215,0.0060788618918869875
GATTT,0.014608854063270001,0.03642871322971285,0.010451578246703957,0.9385108544603132
TGCGT,0.03802945081832694,0.9350261834782998,0.015098393184835962,0.011845972518537307
GCGTT,0.0,0.0,1.0,0.0
CGTTA,0.05765448009224717,0.02543580004069728,0.011056094417689752,0.9058536254493658
GTTAG,0.0,0.014446227929373997,0.004815409309791332,0.9807383627608347
AGTAC,0.08225223323089274,0.07380674960965705,0.05259920184966518,0.791341815309785
GTACC,0.7446810890123556,0.04778296695922914,0.1269739019960455,0.08056204203236976
CTGCT,0.04772827637477324,0.019236817776026892,0.9049342199319483,0.0281006859172515
AGAGG,0.9392981109405246,0.006141112075295374,0.05027201121420466,0.004288765769975302
GAGTT,0.09562774586008786,0.12987073335586347,0.7579376478540047,0.016563872930043935
ACGAC,0.0011386482110769122,0.0008006120234134538,0.9973846673901827,0.0006760723753269166
CGACA,0.9507542790832608,0.016922928150082197,0.028430519292138093,0.0038922734745189054
GACAT,0.004850767562631969,0.9751374384142746,0.005136106831022085,0.014875687192071373
CTATT,0.8192264319693061,0.07604672220545401,0.0333714167205204,0.07135542910471944
GTACT,0.8268975009535181,0.027010264829278808,0.06885892907483873,0.07723330514236439
ACTGC,0.016128787993518197,0.022186548742257426,0.011691478245066712,0.9499931850191576
TGCTG,0.022290833809251856,0.7736828954882924,0.07008495145631068,0.13394131924614505
GCTGG,0.008535885732605523,0.01540551257498165,0.005909946089142741,0.9701486556032701
GTGAC,0.023255764674970227,0.00851404669376131,0.9603836194657637,0.007846569165504762
TGACA,0.9485561292790209,0.020335309491935998,0.023331420921782368,0.007777140307260789
GACAC,0.02284279136518567,0.907014291694074,0.0340847933983137,0.0360581235424266
TGCAA,0.0018010435953543175,0.8200415193850642,0.019558996801885206,0.15859844021769623
GCAAG,0.8221879141845935,0.08389577477096957,0.07153614238482937,0.022380168659607624
CAAGA,0.8716154241267978,0.049337760493102435,0.05316260639859113,0.025884208981508658
AAGAG,0.02866836748112885,0.011677757029010284,0.9564801907717665,0.0031736847180943864
GGCTG,0.0069619709495195746,0.9559661473139963,0.020063729440301714,0.01700815229618237
AAAGA,0.8958861736248105,0.0037105626903927965,0.0965585034287478,0.003844760256048955
AGCAT,0.024996232837249704,0.7332287391675605,0.036610912657962305,0.20516411533722753
ACCAT,0.0325170898918461,0.8561888063670928,0.04415200646165363,0.06714209727940743
CCATA,0.8851266312369596,0.019589478129612516,0.07898511032409401,0.016298780309333957
ATATA,0.7940646041314786,0.07117943506859097,0.06147554115229163,0.07328041964763879
TAACT,0.9348833178912567,0.03206841617618632,0.017470654499643388,0.01557761143291362
TGGGG,0.007657752856481211,0.008943787687340651,0.9750437296808745,0.008354729775303634
GGGAT,0.0305023343876798,0.003217703081789291,0.9642251050412338,0.0020548574892970996
ATTTG,0.0,0.0,0.0,1.0
CCATT,0.9575853768913433,0.013097572653160272,0.022758426192521858,0.006558624262974599
CATTA,0.0012987240528950816,0.008009163341378267,0.006309652607741534,0.9843824599979851
ATTAG,0.04346012272381963,0.11634369439917003,0.023002502068462886,0.8171936808085475
TTAGT,0.874080698868491,0.022584929716550482,0.08593186458092113,0.017402506834037365
TAGTT,0.24054254903662559,0.19647739107793785,0.5210955129317827,0.04188454695365388
TATCC,0.025938635811841613,0.062411445178450424,0.03950586862541174,0.8721440503842962
ATCCT,0.025488735248539753,0.829812850160925,0.06665275956609847,0.07804565502443676
TCCTT,0.059807530548194245,0.794745981928855,0.09618045820030209,0.049266029322648626
CCTTG,0.033684959314329334,0.052874021895657305,0.01975293648177386,0.8936880823082395
CTTGG,0.028837008214440123,0.0571033290099438,0.04044098573281453,0.8736186770428016
GTATA,0.8200038336208549,0.0369906076289055,0.08711903392754457,0.05588652482269504
CCGGG,0.003726902599436267,0.0005010961478233636,0.9938615721891638,0.0019104290635765739
GGGAC,0.020729468885073123,0.012309787435608977,0.9633785304044052,0.003582213274912665
GGACA,0.9172096891349889,0.010279704820355184,0.06063078332087628,0.011879822723779647
GACAG,0.004557525914503555,0.9861560866957937,0.004506125246294869,0.004780262143407864
AGTGT,0.014009111617312072,0.02813211845102506,0.008473804100227791,0.9493849658314351
GTGTC,0.02848876029379034,0.0321166258624527,0.9260850211440018,0.013309592699755174
TGTCT,0.006775094992058865,0.030853152664133545,0.003518224402404455,0.9588535279414031
GTCTC,0.0033453181178677506,0.9522901360012506,0.01247459746756292,0.03188994841331874
TCTCT,0.007783566631096604,0.010071843917804623,0.006294189145234277,0.9758504003058645
CTCTA,0.003336190009794319,0.9654750244857982,0.0013467189030362389,0.029842066601371203
TCTAG,0.01833338556520104,0.06223949355981071,0.01748722930834561,0.9019398915666427
CTAGC,0.8014125211430108,0.032058965196644,0.11784078052714707,0.048687733133198165
GCAAC,0.840760640295207,0.03869493261880369,0.07233221919865747,0.04821220788733178
CAACA,0.8700065884521865,0.02830079977309725,0.08034661758319028,0.02134599419152601
AGTGC,0.03842118257005308,0.03971731884952475,0.03712504629058141,0.8847364522898408
GTGCT,0.07729357317864846,0.006732561305048897,0.8751282641928256,0.04084560132347706
TGCTT,0.006539587034592713,0.8872667330306229,0.06043860299198625,0.045755076942798144
GCTTG,0.007209218146718147,0.045577944015444016,0.009984314671814673,0.9372285231660231
CATAC,0.01907673494344237,0.015041271782329562,0.003393457658208499,0.9624885356160195
ATACT,0.9135189581984315,0.020025421493152985,0.008385895068390213,0.05806972524002526
CAGGT,0.05631939958783181,0.04127833656300944,0.8841007658946203,0.018301497954538466
AGGTC,0.008672052905761613,0.013132857098293664,0.9671210656018966,0.011074024394048101
GGTCC,0.014651667019513655,0.04507924456676474,0.01708266109898453,0.9231864273147371
GTCCA,0.004780054986253436,0.9845663584103974,0.0014996250937265683,0.009153961509622595
TCCAA,0.006291079812206573,0.9508920187793427,0.02,0.022816901408450704
CCAAG,0.8737353043149368,0.06981435370504617,0.052825668988558644,0.003624672991458379
CAAGT,0.8568061284619918,0.03361970040008684,0.0871817138603728,0.022392457277548614
AAGTG,0.058762334780844507,0.07119855651768525,0.8506876397510166,0.019351468950453678
TATAA,0.005729555638536221,0.036606142643764,0.007608289768483943,0.9500560119492159
ATAAT,0.7627484748533232,0.06888700779357249,0.04214950815844012,0.12621500919466416
TAATG,0.8407497565725414,0.04818889970788705,0.07689386562804285,0.03416747809152872
AATGC,0.027618242507168194,0.051924736149481884,0.005577682298702318,0.9148793390446476
ATGCG,0.0371354788045366,0.02807436156878143,0.9277375900448526,0.0070525695818294395
GCGTG,0.003983105619936571,0.010220799326629691,0.9846237092483203,0.0011723858051134058
CGTGT,0.019073322979961702,0.04821856671139725,0.010961506566349533,0.9217466037422916
GCATT,0.9263432084187129,0.020046539089362,0.04685166533532456,0.006758587156600562
CATTG,0.0005658704659628914,0.004099417153420058,0.0007167692568863292,0.9946179431237308
ATTGA,0.005740825081951543,0.01980893904379558,0.0024964998397516993,0.9719537360345012
TTGAT,0.03184128485034173,0.026580772850651642,0.9352582845360317,0.006319657762974976
TTGGG,0.007636460539190259,0.011527922715927329,0.9747797448681724,0.006055871876710016
AAATT,0.8557654145168445,0.01781336819741788,0.12038615086498727,0.006035066420750356
GCACG,0.891099028396698,0.033953934941192435,0.05139270097369053,0.023554335688419033
CACGG,0.0030828759730865503,0.991331205364319,0.0027154568627000713,0.002870461799894367
ACGGA,0.022946686694695843,0.0019323525637638605,0.9635796831243726,0.011541277617167745
CGGAT,0.07514262215897964,0.05597838148327045,0.8412096447827052,0.02766935157504471
GGCTC,0.006740710066292202,0.9560800886255606,0.015525400213069439,0.021653801095077814
GCTCC,0.006438474133374728,0.023484537682814596,0.013483096233381751,0.9565938919504289
ACCAA,0.016420973645599076,0.9339096567295173,0.021934829749364088,0.027734539875519507
TAATC,0.868450581942977,0.0384631135792155,0.0660572851397728,0.027029019338034744
AATCA,0.005759468375120051,0.02398635146178946,0.01584375764300244,0.954410422520088
CCTAG,0.03904197011787672,0.10473759291238081,0.030332607553119603,0.8258878294166229
ACAAG,0.8978413117275186,0.030316004700968593,0.03810143781483601,0.033741245756676815
GCTTT,0.018040075122192994,0.03898382006503026,0.007918285207556408,0.9350578196052204
CTTTT,0.0038353821346268093,0.04634120865131643,0.00586242239471468,0.943960986819342
GATGT,0.020420410935106367,0.02618487341872108,0.007560921682275463,0.9458337939638971
ATGTC,0.0,0.21026782349277381,0.5786986896445021,0.2110334868627241
GAGAC,0.014080206892835977,0.009811844854318947,0.9745634357620493,0.0015445124907957832
AGACT,1.0,0.0,0.0,0.0
CACTT,0.06626657562798721,0.7348618248463722,0.1302571842694745,0.06861441525616607
CTTTC,0.0073664463280720535,0.029475607240725645,0.019359020950173358,0.943798925481029
TTTCA,0.004696753114151521,0.004719442742722302,0.0016563428856669615,0.9889274612574592
TAACG,0.8570199566213089,0.05360539931418047,0.07174447769874832,0.01763016636576234
AACGC,0.03635171464166284,0.8072257556881516,0.03746639564618714,0.11895613402399842
ACGCC,0.061896049998158224,0.010498139803298012,0.8985302604275383,0.029075549771005488
CGCCT,0.02269799398809889,0.8899576713085087,0.013925526041347157,0.07341880866204527
GCCTG,0.006496884640977557,0.951485088621378,0.013163148024922872,0.028854878712721552
CCTGG,0.015280724779288055,0.025901493382977862,0.012447748940524852,0.9463700328972092
ATTAA,0.03151912044616593,0.07042109793377613,0.024841716691734662,0.8732180649283233
TTAAA,0.9632382332367343,0.02870490656540422,0.0017362846007794544,0.006320575597082043
TAAAA,0.8763335292719837,0.019598033943244494,0.09061120352189302,0.013457233262878798
AAAAG,0.8788905217630262,0.008686093886280272,0.10815202456479922,0.004271359785894357
AAAGC,0.8836525528875728,0.01615820917308755,0.08364525445465067,0.01654398348468893
CAAAA,0.9162547987402588,0.021470770786878462,0.046590882968207625,0.015683547504655067
AAAAC,0.7707801103335925,0.0605106939662088,0.10740864156392314,0.06130055413627556
AAACT,0.6572181938035596,0.05637921735482711,0.21659974830706538,0.06980284053454786
ACTGA,0.02707782444133354,0.03248301965054182,0.018587649712241406,0.9218515061958832
CTGAT,0.05893994895921946,0.03310706411347025,0.8832022592200367,0.0247507277072736
GACAA,0.014377954841071414,0.9550124229891503,0.013933998488990662,0.016675623680787593
ACAGA,0.9100375661144925,0.033018309587146535,0.03813614757315425,0.018807976725206677
ACCAC,0.01795108656485649,0.8497218891880737,0.022484718646199806,0.10984230560087004
CCACA,0.9325137153810562,0.01097230484499967,0.039350474805561066,0.017163504968383016
ATTGT,0.012592272703423725,0.004766498097033147,0.008729835210738949,0.9739113939888042
TTGTA,0.012959736406293127,0.006689035329837152,0.9717645942589015,0.008586634004968258
TGTAG,0.006062937743641563,0.07016877030829204,0.0054186347265420395,0.9183496572215244
GACTG,0.010202551413516184,0.9586313171271518,0.017204200989745736,0.013961930469586261
ATTAT,0.019237669738971366,0.060215999437135015,0.014616900021107437,0.9059294308027862
ATAAC,0.9487355532669642,0.012415608193157112,0.022981271693939046,0.015867566845939658
GGAAC,0.9093458332590705,0.021761990482470992,0.05343955893798159,0.015452617320476945
GAACT,0.9841053349420343,0.006889436779800312,0.005945199251604329,0.003060029026561052
AACTA,0.02208878540153375,0.844138341221432,0.033193287945129206,0.10057958543190504
GATGC,0.00910495702751975,0.024321555690598143,0.011139855890268252,0.9554336313916139
ATCTG,0.0231975279917382,0.7858831020927983,0.09059812313507468,0.10032124678038884
ACTTC,0.008617019639623929,0.04049999230623246,0.005477962485189497,0.9454050255689541
CTTCG,0.0074715583638944325,0.005410935710014194,0.0030909339808203582,0.984026571945271
TCGAT,0.019213899657602083,0.007350236282860296,0.971957327598404,0.0014785364611335917
