kmer,A,C,G,T
GCACC,0.9200845935736657,0.0009495197044103877,0.028142187760953723,0.050823698960970234
CACCT,0.02556028159920255,0.8917882002458046,0.060462271257284934,0.0221892468977079
ACCTT,0.00995172495915264,0.9384410265620089,0.02097514411261183,0.0306321043662266
CCTTC,0.009446229751968419,0.046664966044591555,0.03561507041508659,0.9082737337883534
CTTCT,0.005102328082802164,0.006618012046516354,0.008769869082959427,0.979509790787722
TTCTC,0.006815722973589802,0.9268120713465763,0.029191650205209783,0.03718055547462411
TCTCT,0.005987165972428333,0.006334285139205874,0.0067308709194308265,0.980947677968935
CTCTG,0.003058727709603504,0.990757778895226,0.001444236776411235,0.004739256618759325
TCTGG,0.0119335834147198,0.028988250938567686,0.01216581533118428,0.9469123503155282
GGCTT,0.0026714434472157487,0.9617485661394026,0.011631006099072742,0.023948984314308853
GCTTC,0.012991441401919103,0.15198291470914327,0.012551746416635427,0.8224738974723023
TTCTG,0.005564764282270096,0.9762725845112608,0.001211134062687741,0.016951517143781406
AAGGC,0.00947129541064161,0.002442844014328851,0.9867823852660402,0.0013034753089892909
AGGCT,0.13066431743173346,0.020703712460553688,0.8271736091093312,0.02145836099838166
TCGGA,0.005538586710059488,0.0026442500066689786,0.9900232080454557,0.001793955237815776
CGGAG,0.0016957556525188417,0.0066772444797038215,0.9904601348671163,0.0011668650006611133
GGAGA,0.9811445117412305,0.006453495807523176,0.012011765824673473,0.0003902266265727937
GAGAC,0.013898018180419226,0.015885333655759146,0.9678973806566494,0.0023192675071721422
AGACC,0.9882166593265804,0.005147235456620091,0.0037834808023381513,0.0028526244144613045
GACCC,0.001666367820213974,0.9904679935449167,0.0039830255214870595,0.0038826131133823443
ACCCT,0.005731103219482412,0.9768203944277364,0.005380511387079618,0.012067990965701625
CCCTG,0.0019403182272890282,0.9850701194767936,0.005437798456050282,0.007551763839867122
CCTGT,0.0008278367713293128,0.001019151100772588,0.0012051014770539023,0.9969479106508442
CTGTC,0.012581482735210186,0.007731758930243025,0.9754790626956106,0.004207695638936219
TGTCC,0.0073619084836356865,0.0032364072208074233,0.00741173971312948,0.9819899445824274
GTCCC,0.0019654629446952975,0.9932548885307048,0.0002065969572549034,0.004573051567345024
TCCCT,0.011773373719031636,0.9527223135944511,0.011047770724337842,0.024456541962179338
CCCTC,0.001443134147808063,0.9859860355548639,0.011031015593866208,0.0015398147034618712
CCTCA,0.0008030154298040856,0.00187930036899017,0.002631936503768524,0.9946857476974372
CTCAC,0.007317481541222442,0.9811014189264078,0.006272800805559683,0.0053082987268100925
TCACC,0.9736602833646174,0.0072127323062660615,0.008883478207717522,0.010243506121399047
ACCTG,0.02481830610923221,0.8476817538557483,0.04656160802091579,0.08093833201410376
CCTGC,0.0002567215867489748,0.0007557569160926451,0.00030911374730999,0.9986784077498484
CTGCA,0.010460979337282022,0.0024430349431769083,0.9840097869535268,0.0030861987660142855
TGCAC,0.00040164344596908005,0.9639903605572967,0.00012180989754799968,0.035486186099186176
GCACT,0.863856922419082,0.01341166409488929,0.0638606406514343,0.05887077283459444
CACTG,0.04677175663645651,0.7921683130862609,0.12588823978453462,0.03517169049274798
ACTGT,0.011428266096713866,0.013065455516965002,0.005471546887523377,0.9700347314987977
TGTCT,0.0011834694827762666,0.006013927749260151,0.001615918745666498,0.991186684022297
GTCTC,0.00297623891505621,0.948909164493893,0.028191264852712523,0.01992333173833836
CAGCG,0.05702453426697672,0.0041347686358529515,0.9335366968881457,0.005304000209024638
AGCGT,0.0019085245403434128,0.9404588968241908,0.019328369548700805,0.03830420908676493
GCGTC,0.026966688208683393,0.05095470301392398,0.9135362199635744,0.008542388813818224
CGTCT,0.005242071194426899,0.005772271886915108,0.003278023411818404,0.9857076335068395
GTCTG,0.0016020629567443001,0.9950927801324949,0.0005003439864907124,0.002804812924270051
GGGGC,0.002178462067145724,0.0011782104701182506,0.9943390668818537,0.0023042605808823078
GGGCC,0.009824983008059035,0.0009891737061850665,0.9834905087872609,0.005695334498494999
GGCCT,0.006074633709631635,0.9903705482891892,0.001559054086512217,0.0019957639146668997
GCCTC,0.0035356270470032858,0.9719899020544845,0.014963639319444862,0.009510831579067265
CTCAG,0.0003414617895929109,0.9986841228596176,0.0001290892131387834,0.0008453261376507429
TCAGT,0.9569485075314965,0.02006303489551463,0.014698362936822605,0.008290094636166272
CAGTG,0.023780103481552437,0.01530501419043312,0.9570619215662535,0.0038529607617609667
AGTGA,0.00075290738080897,0.003455651824738606,0.0013204837140341937,0.9944709570804182
GTGAA,0.015365140715804639,0.0056314028634956255,0.9690757711142974,0.009927685306402345
TGAAG,0.9750033356255068,0.014786229169446354,0.009332909110191962,0.000877526094854926
GAAGG,0.870424655950726,0.03246497262722339,0.08875478319634594,0.008355588225704622
AAGGT,0.0859148687929856,0.01559311679564955,0.8909558420358181,0.007536172375546748
AGGTC,0.023366748776621822,0.015209891693059151,0.9549748707444937,0.006448488785825356
GGTCT,0.0001207950510633625,0.0015813170321021999,0.0004026501702112083,0.9978952377466233
TCTCC,0.0051379261795499115,0.004670656483316023,0.00797623250034178,0.9822151848367923
CTCCT,0.0011315423423580557,0.9965312449582049,0.0004491285597798834,0.0018880841396571796
TCCTG,0.01041023277693533,0.9564296190627348,0.010570860909422943,0.022589287250906878
TGCAA,0.0004917822075432684,0.9132563247103794,0.0006091393252524575,0.08564275375682487
GCAAG,0.9202355337191775,0.039305480445063226,0.03762268579778849,0.002836300037970751
CAAGG,0.9106915893213215,0.02976947022622617,0.050891563499691574,0.008647376952760763
TGCAG,0.04073797502261712,0.8745053295528634,0.011326247479265538,0.07343044794525394
GCAGC,0.9608442748171753,0.006079938892184604,0.023454192762608735,0.009621593528031373
CAGCC,0.027267588462840203,0.004370941743025247,0.9656302218725469,0.0027312479215876677
AGCCT,0.0050428919086813965,0.902962637997561,0.04332573207086986,0.04866873802288772
CCTCT,0.005463983507755668,0.0035595606087660265,0.005106867980882725,0.9858695879025956
GGGTC,0.027876509746763155,0.009107491412449605,0.9589246596943428,0.004091339146444371
GGTCC,0.0029315522390520126,0.0053905393561574965,0.007522577348195323,0.9841553310565951
GTCCT,0.00041479374592613287,0.9987048276912919,6.77214279063074e-05,0.0008126571348756889
TCCTC,0.004588653342162449,0.9228043013961817,0.04287406384943248,0.02973298141222335
CCTCG,0.0025395458947594964,0.0025395458947594964,0.005649413537070914,0.9892714946734101
CTCGG,0.0004152917143690933,0.9985857633510674,0.00032549891126226234,0.0006734460233012324
TCGGT,0.07445817479825359,0.016981492081663805,0.9040932915810858,0.0044670415389968235
CGGTG,0.020561628768322522,0.015398774383263373,0.9600776672877057,0.003961929560708433
GGTGA,0.0010971151216414602,0.008817787725513742,0.0020056144630580274,0.9880794826897867
CCATC,0.9688964635705155,0.004793353216872603,0.024996449367987502,0.0013137338446243432
CATCT,0.005206343816759334,0.010235841715829832,0.007144575074628977,0.9774132393927819
ATCTC,0.007832740856781347,0.9552027474844852,0.006416822317286256,0.03054768934144725
CTCCG,0.004415846580873076,0.9809487761796619,0.0006939187484229119,0.01394145849104214
TCCGG,0.004487258293963715,0.9788018756915295,0.006524526247387555,0.010186339767119197
AGGCA,0.15077440853786797,0.01781305700399659,0.8114295836239441,0.019982950834191326
GGCAT,0.0012811165503593376,0.9918237683574628,0.003083012186230601,0.003812102905947297
GCATC,0.8562429653730835,0.049296773766398364,0.04639306894170836,0.04806719191880977
ATCTG,0.0038970230836794036,0.9739573118215386,0.0024814742173976073,0.019664190877384476
GGGCT,0.09367239268016343,0.027123221826754713,0.8545989310932833,0.02460545439979858
GGCTA,0.008146639511201629,0.9542769857433808,0.034877800407331974,0.0026985743380855396
GCTAC,0.01994118069005093,0.11094373909093083,0.009038089089735314,0.8600769911292829
CTACA,0.8151002640405338,0.027046314136872904,0.09712409905088132,0.06072932277171198
TACAG,0.013310213855172984,0.9562959293204525,0.021294690776979604,0.00909916604739493
ACAGT,0.8730325564285151,0.1042909320230181,0.00740993772499146,0.015266573823475313
TGAAA,0.9832531542162113,0.008033039847508396,0.008554960515566852,0.00015884542071344286
GAAAA,0.8892757441736457,0.01922775320723942,0.08409397446755121,0.007402528151563627
AAAAT,0.8788228216183696,0.006367191416825429,0.10638724556302015,0.008422741401784818
AAATC,0.9199759326113117,0.01970517448856799,0.05841355796229442,0.0019053349378259125
AATCT,0.0014926434003838225,0.0016347999147060914,0.0005330869287085081,0.9963394697562016
AGGTT,0.11974054904016249,0.05006224202319334,0.8196029614099456,0.010594247526698552
GGTTT,0.0005901271724056534,0.05586291345785017,0.0024342745861733205,0.9411126847835709
GTTTC,0.008921442704898115,0.05861075433054466,0.022140451973478668,0.9103273509910785
TTTCT,0.018849591916051303,0.00388651379712398,0.004663816556548776,0.9726000777302759
TTTCC,0.005652752411097245,0.015759939836202407,0.01633017363205871,0.9622571341206416
TTCCT,0.0018510631327195886,0.9941355698981096,0.0003112407037316122,0.003702126265439177
TTCCG,0.010277292999806089,0.9467229009113826,0.001179626397776485,0.04182017969103484
CTGCG,0.0008097730023422467,0.00035699669995733455,0.9979015559831776,0.0009316743145227999
TGCGC,0.0004976166780158189,0.9771096328112723,0.00025317339758699564,0.022139577113124857
GCGCT,0.07270458254426768,0.006318343267560892,0.9009922591567979,0.019984815031373542
CGCTG,0.05336446593125883,0.8185777791082307,0.07840525262806025,0.04965250233245024
GCTGT,0.01688141445790837,0.014046530464345472,0.006863403352836483,0.9622086517249097
GTCTA,0.01862953589746057,0.8559386457020236,0.07759740572165395,0.04783441267886183
TCTAT,0.03685454126325496,0.041906792684800985,0.03144690333487014,0.8897917627170739
CTATG,0.7840754180826758,0.17067949234875104,0.007334446940460419,0.03791064262811282
TATGG,0.005753739930955121,0.050441120061373225,0.006079785193709245,0.9377253548139625
TAAGG,0.9342100188963017,0.02871080945586364,0.028980756623346572,0.008098415024488064
AAGGG,0.019720725134737875,0.005098603625673689,0.9721643802057814,0.003016291033806957
AGGGT,0.04845547471521585,0.003013707872749559,0.9417049939838295,0.006825823428205157
GGGTT,0.013857789719858685,0.255050505050505,0.6926531323083047,0.03843857292133154
GGTTC,0.016787190082644628,0.07985338525111252,0.02755483153210426,0.8758045931341386
GTTCT,0.009526271092567293,0.009415500498467674,0.009329345591945747,0.9717288828170193
CACCG,0.0551582541293716,0.8720586878287349,0.06316323705822645,0.009619820983667067
ACCGT,0.0062800063710209564,0.9652779357892102,0.009237980386356913,0.01920407745341191
CCGTC,0.0008175315090269104,0.004155785170886795,0.9802884069490179,0.014738276371068467
GGGAC,0.014607679465776294,0.001854943424225561,0.9803839732888147,0.003153403821183454
GGACC,0.956809084985572,0.005678115982500232,0.0072139998138322625,0.030298799218095505
GACCT,0.0020850929054054054,0.994140625,0.0023226351351351353,0.0014516469594594594
ACCTC,0.003076923076923077,0.8758974358974358,0.08683760683760684,0.03418803418803419
ACAGC,0.9663624454621239,0.007416068509316098,0.018469799820282136,0.007751686208277848
CAGCT,0.1586390702008609,0.058843393476188645,0.7636710651739954,0.018846471148955088
AGCTT,0.006230874983369551,0.8146480996939998,0.12796576344848995,0.05115526187414076
TCACA,0.9699243349566156,0.006820957789375168,0.016671689852635587,0.0065830174013737095
CACAG,0.0007360601531005118,0.923427096072836,0.07544050369162476,0.00039634008243873717
ACAGA,0.9935783561915901,0.0018757378821815936,0.003155653142964328,0.0013902527832640047
CAGAC,0.005348465577405994,0.002859037493613367,0.9907923773494657,0.001000119579514942
GTGCC,0.012352872625568116,0.0023307306840694556,0.9787903507749679,0.006526045915394476
TGCCA,0.048547935619314204,0.804408677396781,0.024667599720083973,0.12237578726382085
GCCAT,0.0020299416391778738,0.9951788886069526,0.0006766472130592912,0.002114522540810285
TCACG,0.9888523093973076,0.002575051338048828,0.005639036474461358,0.002933602790182209
CACGT,0.02139189960068454,0.8542498573873359,0.06246434683399886,0.061893896177980606
ACGTG,0.0,0.0011402508551881414,0.9988597491448119,0.0
CGTGC,0.0008551881413911061,0.0011402508551881414,0.005131128848346636,0.9928734321550741
GTGCA,0.043938894797774915,0.011643120017318789,0.9276037009497097,0.016814284235196673
CTTCC,0.003501544799176107,0.021009268795056643,0.007826982492276004,0.9676622039134912
TTCCA,0.004555116914667477,0.9814758578803523,0.0060734892195566355,0.007895535985423625
TCCAG,0.004683996503629385,0.984978907764223,0.007515296621441873,0.0028217991107057348
GGGGA,0.022656941399674925,0.0011973415546930584,0.9749657282670939,0.0011799887785380865
GGGAG,0.003179356054234095,0.0030896387758077358,0.9929291569940226,0.000801848175935583
GGAGT,0.9862280057246925,0.005874425876724111,0.005292902983177622,0.00260466541540583
GAGTC,0.03660277253643219,0.00792352199856569,0.9535450450136816,0.001928660451320471
AGTCT,0.002593050624326804,0.002106354968683927,0.0020864084254198748,0.9932141859815694
TCTGA,0.002502553626149132,0.0018386108273748722,0.0011235955056179776,0.994535240040858
CTGAA,0.03180002958142287,0.017305132376867326,0.9437952965537643,0.00709954148794557
GAAGA,0.8830790555664821,0.014882039466906428,0.08315772714075656,0.018881177825854852
AAGAT,0.06638283082804762,0.019289251889825353,0.9076375010861065,0.006690416196020506
AGATC,0.9825457197936748,0.006825405095607774,0.009951544834054082,0.0006773302766633669
GATCT,7.209285559801023e-05,0.0007209285559801024,0.00021627856679403071,0.9989907000216278
CTGTA,0.0004532321114950994,0.0006231941533057617,0.9984136876097671,0.0005098861254319868
TGTAA,0.0001438538444939941,0.04725598791627706,0.0002877076889879882,0.9523124505502409
GTAAG,0.7250592544710192,0.17489046900811606,0.09214968038497451,0.007900596135890253
CTGCT,0.008341056533827619,0.0009267840593141798,0.9888785912882299,0.0018535681186283596
TGCTA,0.013888888888888888,0.9462962962962963,0.012037037037037037,0.027777777777777776
GCTAG,0.0009250693802035153,0.9916743755781684,0.0,0.0074005550416281225
CTAGG,0.9558011049723757,0.009208103130755065,0.02117863720073665,0.013812154696132596
TAGGC,0.010166358595194085,0.0036968576709796672,0.9861367837338263,0.0
CTCAT,0.0,0.9904306220095693,0.0,0.009569377990430622
TCATC,0.9947368421052631,0.005263157894736842,0.0,0.0
TCTGC,0.004098360655737705,0.01639344262295082,0.00819672131147541,0.9713114754098361
GGGGG,0.009198512743431874,0.0029761498822906806,0.984966487624836,0.0028588497494414604
GGGGT,0.05575461599030355,0.005184418433880971,0.9375834947934637,0.0014774707823517442
CCTGA,0.002814271423807936,0.0018672890963654552,0.004834944981660554,0.9904834944981661
CTGAG,0.01904223690999779,0.017158488742557147,0.9599089248712089,0.0038903494762361074
TGAGA,0.9742007661796115,0.021344543512899616,0.004156354883547479,0.0002983354239414178
AGACT,0.9689422663612859,0.010861545765408575,0.017168042804626905,0.0030281450686785866
GACTC,0.008179945897437552,0.9757894261125566,0.013951746712204066,0.002078881277801809
ACTCT,0.0001210692324847867,0.0017969222926689393,0.0013126453627297927,0.9967693631121165
CTCTC,0.0029571646010002174,0.9660298822725437,0.01882396794334172,0.01218898518311434
CTGTG,0.0006083335423826607,0.0021573890575220128,0.9966949301357149,0.0005393472643805032
TGTGC,0.0015079408163388404,0.03255945810638824,0.001737147820422344,0.9641954532568505
GCCTG,0.0018241006872464637,0.991143971716716,0.003652090714977461,0.003379836881060079
TGTGG,0.011058451816745656,0.021063717746182202,0.01579778830963665,0.9520800421274355
CGGAC,0.0010582010582010583,0.01798941798941799,0.9809523809523809,0.0
GGACA,0.98,0.004210526315789474,0.015789473684210527,0.0
GACAC,0.004210526315789474,0.871578947368421,0.12421052631578948,0.0
ACACC,0.9873684210526316,0.004210526315789474,0.004210526315789474,0.004210526315789474
CACCC,0.010131712259371834,0.9625126646403243,0.005065856129685917,0.022289766970618033
AAGAA,0.008690443664487926,0.002091170845505559,0.9870956894558752,0.002122696034131271
AGAAG,0.9382170485677398,0.0218853981882879,0.03946719289590528,0.00043036034806705225
GAAGC,0.9052640948800224,0.012923927280125806,0.07674244126161946,0.005069536578232359
AAGCC,0.0180786452760265,0.01207977123001152,0.9660386925511806,0.0038028909427814048
CCTGG,0.005986218776916451,0.014748257771513585,0.14035705896171013,0.8389084644898598
CTGGG,0.0009683491536392214,0.0005384966025115671,0.9977161130937339,0.0007770411501153752
TGGGT,0.016138818104598957,0.011123245560813818,0.9700279092343163,0.0027100271002710027
CACCA,0.014973262032085561,0.681283422459893,0.30053475935828877,0.0032085561497326204
ACCAT,0.0,0.9903948772678762,0.0032017075773745998,0.0064034151547491995
CGCAG,0.0026532236667551074,0.9838911420232725,0.010499185081302353,0.002956449228669977
GCAGA,0.9709583078283344,0.004964973134734408,0.013670679453172822,0.010406039583758417
TCTCA,0.01021679541490157,0.01544978818838774,0.01943683030152006,0.9548965860951907
TCACT,0.9351163942545815,0.008915304606240713,0.03194650817236255,0.024021792966815256
CACTC,0.004498875281179705,0.9600099975006249,0.029742564358910272,0.005748562859285179
ACTCA,0.0005,0.00475,0.00075,0.994
ACACA,0.9660665503735641,0.0058256261725306915,0.014909653424612448,0.013198170029292697
CACGC,0.00393498087672845,0.987165342747867,0.0048543689320388345,0.0040453074433656954
ACGCT,0.06913587297961049,0.014906619452852819,0.902678622422754,0.013278885144782683
GCTGA,0.0059946213238483564,0.010019953153465776,0.0049709377982128915,0.979014487724473
CTGAC,0.0017788489126068744,0.0019223044700751707,0.9942043954782809,0.002094451139037126
TGACC,0.9935454258584584,0.001635158782523882,0.003958805473478872,0.0008606098855388852
CACAC,0.008033256558620302,0.9779787652379079,0.010111791472389192,0.0038761867310825233
ACACT,0.9298985373567005,0.010014494663328502,0.03412834365529055,0.02595862432468046
ACTGA,0.00013173494928204451,0.00013173494928204451,0.0005269397971281781,0.9992095903043078
TGGGG,0.002861696369504641,0.0020222320229336646,0.9939859270693423,0.0011301445382194335
TCGCA,0.008188331627430911,0.0020470829068577278,0.9877175025588536,0.0020470829068577278
TCAGG,0.9568118628359592,0.013716404077849862,0.02020389249304912,0.009267840593141797
CAGGT,0.025361890484680245,0.00411900179230962,0.9662298601620172,0.004289247560992911
AGGTG,0.0219470542661036,0.014311279885640706,0.9500905708143734,0.013651095033882215
GGTGC,0.02322766603052361,0.014915584379028672,0.007462014377959051,0.9543947352124886
AGCTG,0.014630577907827359,0.8174705198589972,0.043290412236655515,0.12460848999651991
GCTGC,0.0020226011764487577,0.007774953146165408,0.0005381232487799447,0.9896643224286059
GCAGG,0.9453530368419941,0.006406691120044495,0.0351945592407719,0.013045712797189505
CAGGA,0.05470366867558081,0.018036698627263984,0.9231521089641364,0.004107523733018871
AGGAG,0.0011566112047655406,0.020471262369314274,0.9775708140879781,0.0008013123379421392
AGTCG,0.0016285924181942096,0.004814968888574185,0.0068507094113169475,0.9867057292819147
GTCGG,0.00031331125234983437,0.9942619282069645,0.0007967057559752932,0.004628054784710411
TCGGG,0.0025256068472007858,0.00152004115803751,0.9943563600081069,0.0015979919866548182
CGGGC,0.0022086306489976213,0.0002771965591859363,0.9968971869020155,0.0006169858898009549
GGCCC,0.0016041779924603635,0.9756254066145605,0.012084807543201405,0.010685607849777644
GCCCA,0.000668359844940516,0.9952591008332219,0.0013010738314842044,0.0027714654903533394
CCCAG,0.0033203663975359854,0.995175231668996,0.0010237054576853575,0.0004806964757826896
CCAGG,0.9536263166260908,0.014063532699177605,0.02142576278560015,0.010884387889131509
AGGAC,0.005688306651440391,0.007009832439148765,0.9860880682022222,0.0012137927071886694
GGACT,0.917366986949663,0.01991251971891582,0.04609206941058368,0.016628423920837517
GACTG,0.0032981249022646176,0.968490112733321,0.01545285245155879,0.01275890991285558
ACTGG,0.01116136259906228,0.004281980000829841,0.004373262520227376,0.9801833948798805
CTGGT,0.018125591737004582,0.007241653993772177,0.9681850001206942,0.006447754148529006
TGGTG,0.01587431974535373,0.02120194211784724,0.9567864110424948,0.006137327094304197
GCCTT,0.001114689125588308,0.9961896574334465,0.00013842544696848272,0.002557227993996707
CTTCA,0.007342789004644157,0.0027613907367892558,0.007907618928078322,0.9819882013304883
TTCAC,0.000125517760763148,0.9833061378185013,0.0015689720095393499,0.014999372411196183
TGTAC,0.001601708489054992,0.08569140416444207,0.000800854244527496,0.9119060331019755
GTACT,0.6295454545454545,0.022727272727272728,0.12045454545454545,0.22727272727272727
TACTG,0.15384615384615385,0.5285359801488834,0.19851116625310175,0.11910669975186104
GGGCG,0.00572987721691678,0.001793022802572598,0.9913077372831807,0.0011693626973299552
GGCGC,0.0004912468738835299,0.9936137906395142,0.002545551982851018,0.00334941050375134
GCGCA,0.036612046256195026,0.008081439478501585,0.9506183863910345,0.0046881278742688754
CTGTT,0.0792601781887899,0.049464305853163415,0.8449983083342731,0.026277207623773544
TGTTG,0.00467892868667312,0.052413220854653574,0.025353800765223804,0.9175540496934494
GTTGA,0.0001760253476500616,0.0039429677873613804,0.009258933286393241,0.9866220735785953
TTGAA,0.013054062006794532,0.0033705160099510474,0.980873659149881,0.0027017628333734587
CTTCG,0.0014125343840606646,0.004890177516748032,0.008450424999380467,0.9852468630998108
TTCGG,0.0005450761454857785,0.9889663374186515,0.004476231376565029,0.0060123550592976775
GGCAG,0.0029180040852057193,0.9835132769185877,0.008462211847096586,0.005106507149110009
TGTCA,0.0,0.0,0.0,1.0
GTCAC,0.0006349206349206349,0.9663492063492064,0.020317460317460317,0.012698412698412698
CCCTT,0.0024784954074938037,0.987607522962531,0.0071438985274821405,0.002770083102493075
CCTTA,0.00685131195335277,0.0013119533527696794,0.001749271137026239,0.9900874635568513
CTTAG,0.010528954625219354,0.06409292220272415,0.03196289796941589,0.8934152252026406
TTAGA,0.9810550859807636,0.011075488195861264,0.006995045176333431,0.0008743806470416788
TAGAC,0.010779315367807721,0.03452294246176257,0.9510560815731974,0.003641660597232338
CCGGG,0.00048526414544983984,0.0003882113163598719,0.9984148037915305,0.0007117207466597652
CGGGG,0.00233557158943988,0.0007090128039371064,0.9957667764941402,0.001188639112482796
TTCAG,0.007157564467104618,0.9751152073732718,0.0061770761839396015,0.011550151975683891
TCAGC,0.9527828341331568,0.007446632467317558,0.030908121426076084,0.008862411973449537
AGTTT,0.0,0.0,0.11764705882352941,0.8823529411764706
GTTTT,0.0,0.0,0.058823529411764705,0.9411764705882353
TTTTT,0.0,0.043478260869565216,0.0,0.9565217391304348
TTTTC,0.0,0.1111111111111111,0.0,0.8888888888888888
TGCGT,0.0,0.9795918367346939,0.0,0.02040816326530612
GCGTT,0.16262975778546712,0.020761245674740483,0.7923875432525952,0.02422145328719723
CGTTG,0.0931174089068826,0.15587044534412955,0.08097165991902834,0.6700404858299596
GTTGT,0.03333333333333333,0.03518518518518519,0.001851851851851852,0.9296296296296296
TTGTC,0.04047217537942664,0.008431703204047217,0.9494097807757167,0.0016863406408094434
TGAGG,0.9834924936550953,0.009979782337505915,0.0028498300856024433,0.003677893921796361
GAGGA,0.011146620936939746,0.013251227687271027,0.9741211318107413,0.0014810195650479382
AGGAT,0.040364583333333336,0.020182291666666668,0.9326171875,0.0068359375
GGATC,0.9770895205770047,0.01697072549851506,0.005515485787017395,0.00042426813746287653
GTTGC,0.0,0.005952380952380952,0.0,0.9940476190476191
TTGCA,0.005649717514124294,0.0,0.9943502824858758,0.0
GTCCA,0.002072415177457331,0.9788635352581838,0.012022178097501167,0.007041871466857632
GGAGG,0.9547203268556733,0.011173445050500861,0.03032644088184665,0.0037797872119791774
GAGGC,0.02388575562313288,0.008948785617640361,0.9660133695928839,0.0011520891663429206
GCTTG,0.006616927827537928,0.06342660963961717,0.012572162872322061,0.9173842996605228
CTTGG,0.001160435959862568,0.022002775944845163,0.008828414753464242,0.968008373341828
TTGGT,0.031007839377361682,0.019942473633748802,0.9455868253341605,0.0034628616547290056
TGGTA,0.057468538309888385,0.0223085246727836,0.9138935416450499,0.006329395372278138
GGTAA,0.004588471465443074,0.020934901061084026,0.0024376254660166334,0.9720390020074563
GTAAA,0.7103112003441847,0.0672594292270185,0.13007313925139824,0.09235623117739854
TAAAG,0.8356773823191733,0.0947187141216992,0.06572904707233065,0.0038748564867967855
AAAGC,0.959063093479637,0.008862629246676515,0.028909052542730535,0.0031652247309558977
CAGAG,0.0016392221145965279,0.010505923552641383,0.987631324044408,0.00022353028835407198
AGAGA,0.9970436067997044,0.0011086474501108647,0.0018477457501847746,0.0
CCTTT,0.0,0.0,0.0,1.0
CTTTG,0.14285714285714285,0.8571428571428571,0.0,0.0
TTTGC,0.125,0.0,0.0,0.875
AAGCA,0.07142857142857142,0.0,0.9285714285714286,0.0
AGCAG,0.0018786817385766598,0.9685081993313167,0.017958923738258237,0.011654195191848432
GCAGT,0.9961669996925915,0.0018636643098678143,0.0006148170919151552,0.0013545189056255764
CAGTC,0.05777924467914866,0.0021803488558169307,0.938970235237638,0.0010701712273963834
GGCTG,0.0035341933203746245,0.9874830653236732,0.004712257760499499,0.004270483595452671
GAGGT,0.07010597414696634,0.02948393751351711,0.8956770200801877,0.004733068259328886
CAGGC,0.0,0.0,1.0,0.0
GGCTC,0.002228826151560178,0.962109955423477,0.020802377414561663,0.014858841010401188
GCTCT,0.0,0.0,0.0,1.0
GACTT,0.0,1.0,0.0,0.0
ACTTC,0.0,0.0,0.0,1.0
GAGGG,0.010506897658004492,0.011870388193776067,0.9769810715431505,0.0006416426050689766
GGTAC,0.02616671581332547,0.04066239349401704,0.009948318408269055,0.9232225722843884
GTACA,0.7918654205607477,0.04740186915887851,0.10422429906542056,0.05650841121495327
GCTGG,0.0016797723455062852,0.001511363292871979,0.00046204534953514785,0.9963468190120865
GAAAC,0.9155374191561442,0.01593778872805667,0.06413612565445026,0.004388666461348938
AAACC,0.9195193008011653,0.004005826656955572,0.0581755280407866,0.0182993445010925
AACCC,0.004551661356395084,0.9728720983158853,0.015475648611743286,0.007100591715976331
ACCCA,0.0008191499044325111,0.9893510512423773,0.005825065987075635,0.004004732866114499
CCCAC,0.0035483577472477483,0.9887180420343917,0.0030024565553634793,0.004731143662996998
CCACA,0.9741630276564774,0.0011826783114992723,0.01792212518195051,0.006732168850072781
ACCCC,0.0,0.96,0.0,0.04
CCCCG,0.0,1.0,0.0,0.0
CCCGT,0.0,1.0,0.0,0.0
CGTCC,0.06976744186046512,0.023255813953488372,0.0,0.9069767441860465
TGGGA,0.01212585647313379,0.002569419401370357,0.9839073205914173,0.0013974035340786153
TGTAG,0.0,0.0,0.0,1.0
GTAGC,1.0,0.0,0.0,0.0
TAGCC,0.0,0.0,1.0,0.0
CTCTA,0.0,1.0,0.0,0.0
TCTAG,0.0,0.0,0.0,1.0
TAAGA,1.0,0.0,0.0,0.0
AAGAC,0.0,0.0,1.0,0.0
TGGAG,0.003742039411479256,0.022097042888374163,0.9733854950948266,0.0007754226053198994
TGGTC,0.003685218855629721,0.0013056901243456297,0.9939108469902013,0.0010982440298234267
CCAGC,0.9633380244345183,0.008709131330437088,0.019865793713924412,0.008087050521120154
CTGGC,0.00043930297261678136,0.00043930297261678136,0.9979499194611217,0.0011714745936447504
TGGCA,0.00686933645133002,0.0020461853259280912,0.9904998538439053,0.0005846243788365975
AGCTA,0.01959194703418457,0.8789352790163492,0.016934648470927353,0.08453812547853894
TACAA,0.019390581717451522,0.9577100646352724,0.019759926131117267,0.003139427516158818
ACAAC,0.9675096917112793,0.0018460402436773122,0.0230755030459664,0.0075687649990769795
CAACA,1.0,0.0,0.0,0.0
AACAG,0.00018439977872026554,0.9905956112852664,0.007929190484971418,0.0012907984510418587
AGTGG,0.007300904774702141,0.008286302965152736,0.007838394696766102,0.976574397563379
GTGGG,0.0007166211313656112,0.020334124602499216,0.9742464280915484,0.0047028261745868235
GTGCT,0.031862745098039214,0.012254901960784314,0.9497549019607843,0.006127450980392157
TGCTG,0.004819277108433735,0.9421686746987952,0.024096385542168676,0.02891566265060241
TCCTT,0.0,1.0,0.0,0.0
CGCTA,0.0,0.8888888888888888,0.0,0.1111111111111111
GCTAT,0.0,0.08333333333333333,0.0,0.9166666666666666
CTATC,1.0,0.0,0.0,0.0
TATCT,0.0,0.0,0.0,1.0
AGGGC,0.0003058103975535168,0.0006116207951070336,0.9990825688073395,0.0
GGAGC,0.9241175904850447,0.014362196646683551,0.054467348443561055,0.007052864424710672
GAGCA,0.035684259691732834,0.049789817842129845,0.9070527790751985,0.007473143390938813
AGAGG,0.9737283398546674,0.013881125395938141,0.002422209800633501,0.009968324948760947
AAAAA,0.8999748680573009,0.006199212532462093,0.09256932227527855,0.0012565971349585323
AAAAG,0.9562960482250502,0.019005358338914938,0.024363697253851305,0.0003348961821835231
AGCCC,0.006344753890335938,0.9481065918653576,0.02003606491685033,0.02551258932745609
GCCCG,0.0021530456625100925,0.9954247779671661,0.00017942047187584104,0.002242755898448013
CCCGG,0.002329957881530603,0.9679182722466171,0.02760103951967022,0.002150730352182095
GCGCC,0.0,0.0,1.0,0.0
CGCCT,0.0,1.0,0.0,0.0
AGGCG,0.024182303493884706,0.015577068642683559,0.9591251344567946,0.0011154934066371857
GGCGT,0.005766783328030544,0.9741091314031181,0.0037782373528475978,0.016345847916003818
GCGTG,0.015538687755831976,0.0071136192027977585,0.9671342844652864,0.010213408576083933
CGTGG,0.006954944058058663,0.014628061687329906,0.006841548231025099,0.9715754460235864
GTGGT,0.026412888612866694,0.011909545902897015,0.947028093376685,0.014649472107551237
GTACG,0.6762114537444934,0.10792951541850221,0.09801762114537445,0.11784140969162996
TACGG,0.0473568281938326,0.9394273127753304,0.003303964757709251,0.009911894273127754
ACGGC,0.028602860286028604,0.006600660066006601,0.9636963696369637,0.0011001100110011
CGGCC,0.04500548847420417,0.007683863885839737,0.9451152579582875,0.0021953896816684962
GGTGG,0.01935710384645393,0.016431302176796444,0.0069439026293204335,0.9572676913474292
GTGGA,0.014596946493457885,0.0036570341375169596,0.9746970665751759,0.007048952793849321
GGTCA,0.00012188433176915108,0.006459869583765007,0.003534645621305381,0.9898836004631605
GTCAA,0.004509921828021648,0.9841401082381239,0.008794347564642212,0.002555622369212267
TCAAG,0.9424233313289236,0.02172279013830427,0.03329825616355983,0.002555622369212267
CAAGC,0.9206432704591568,0.016081761478920868,0.06117081235439994,0.0021041557075223566
CTGGA,0.020860058021353437,0.001657752955339346,0.9763967555406445,0.001085433482662667
TCCTA,0.0017905102954341987,0.991047448522829,0.002174191073027241,0.004987850108709554
CCTAT,0.0,0.0,0.0,1.0
CTATA,1.0,0.0,0.0,0.0
TATAA,0.0,0.0,0.0,1.0
ATAAG,1.0,0.0,0.0,0.0
TAAGT,1.0,0.0,0.0,0.0
AAGTC,0.0,0.0,1.0,0.0
GTCTT,0.0,1.0,0.0,0.0
TCTTC,0.0,0.0,0.0,1.0
TCATG,0.7368421052631579,0.2631578947368421,0.0,0.0
CATGC,0.0,0.07142857142857142,0.0,0.9285714285714286
ATGCT,0.2857142857142857,0.0,0.7142857142857143,0.0
GAGAA,0.0,0.0,1.0,0.0
AGCCA,0.007357449417535254,0.9751686082158185,0.007050889025137952,0.010423053341508276
GCCAG,0.001226241569589209,0.9975475168608215,0.0009196811771919068,0.00030656039239730225
CAGGG,0.000612369871402327,0.0,0.9978567054500919,0.0015309246785058174
GGCGG,0.001226993865030675,0.9849693251533742,0.00950920245398773,0.004294478527607362
GCGGT,0.07083716651333946,0.0006133088009812941,0.9282428702851886,0.00030665440049064706
CGGTC,0.015007656967840736,0.013169984686064319,0.965084226646248,0.006738131699846861
AGGCC,0.019495635305528614,0.009893307468477207,0.9687681862269641,0.0018428709990300678
GTTGG,0.0013055461534742033,0.020453556404429186,0.006285962961172091,0.9719549344809245
TTGGA,0.01179131773991722,0.0040427375108287615,0.9802675907209548,0.0038983540282991626
GCAAT,0.9938927568095761,0.005374374007572982,0.0002442897276169537,0.0004885794552339074
CAATC,0.873977286603981,0.004884601294419343,0.12052753693979729,0.0006105751618024178
AGTCC,0.0022092789716810605,0.0007531632858003615,0.01089576220124523,0.9861417955412733
GTCCG,0.0012504376531786126,0.9978992647426599,0.0001500525183814335,0.000700245085780023
GCTTA,0.008492444652688298,0.051598922338057865,0.019679044160712193,0.9202295888485417
TTAGT,0.9557221506383976,0.004802623872554762,0.03355979852407169,0.005915426964975987
TAGTT,0.033667076526728734,0.011593184612682241,0.9518121669886995,0.002927571871889455
AGTTC,0.0007604117922321011,0.01743097800655124,0.002515208235844642,0.9792934019653721
GTTCA,0.004261401233424208,0.011646065482650009,0.014636986845239671,0.9694555464386861
CCTTG,0.001795654516071108,0.04390375291793859,0.005835877177231101,0.9484647153887592
CTTGA,0.00043921721731491877,0.003708945390659314,0.0024400956517495486,0.9934117417402762
AAGGA,0.01447178002894356,0.0047868195480351775,0.9767338305688523,0.004007569854168985
CAGAT,0.008049060942889995,0.007921298070780632,0.9830075380094545,0.0010221029768749201
GATCA,0.0001295840352468576,0.0018141764934560061,0.0016845924582091487,0.996371647013088
ATCAC,0.004665629860031105,0.9847071021254536,0.003499222395023328,0.007128045619491965
CCTAC,0.039652084932207725,0.04771041187004349,0.03837298541826554,0.8742645177794832
CTACG,0.8824357170269924,0.022259178713061278,0.07176666240245619,0.023538441857490086
TACGC,0.003964194373401534,0.9759590792838875,0.0026854219948849105,0.017391304347826087
CAGCA,0.00706030272256879,0.055370182310556605,0.9042023308670633,0.0333671840998114
GAGCT,0.07723134771422917,0.13694834751632692,0.7662279833762121,0.019592321393231745
GGATT,0.8126721763085399,0.02066115702479339,0.03443526170798898,0.1322314049586777
GATTG,0.004132231404958678,0.005509641873278237,0.011019283746556474,0.9793388429752066
ATTGG,0.0,0.006887052341597796,0.006887052341597796,0.9862258953168044
GAAGT,0.9177269786499892,0.009920207030407592,0.06555962907051974,0.006793185249083459
AAGTG,0.04462279293739968,0.011235955056179775,0.9395398608881755,0.004601391118245051
AGTGC,0.022430291182220393,0.01965222759543163,0.010392015639469081,0.9475254655828789
AGCCG,0.011467889908256881,0.8876146788990825,0.04243119266055046,0.058486238532110095
GCCGG,0.0,1.0,0.0,0.0
CTTGT,0.0025427320242972173,0.0063568300607430425,0.010029665206950134,0.9810707727080096
TTGTG,0.01397712833545108,0.012000564732457999,0.9668219680926161,0.007200338839474798
TTGAT,0.01909704203425013,0.031966787752983915,0.9462376751427088,0.0026984950700570834
TGATC,0.8954356846473029,0.010788381742738589,0.08734439834024896,0.006431535269709543
GATCC,0.0008288437629506838,0.02403646912556983,0.003522585992540406,0.971612101118939
ATCCA,0.009848641924113622,0.9259796806966618,0.0352477710968277,0.028923906282396848
TGAGT,0.9829298031701794,0.010276955234279742,0.005748127503919178,0.0010451140916216688
GAGTT,0.1131024882547416,0.00800417609187402,0.8762832782321212,0.0026100574212632676
AGTTG,0.011658256481642596,0.029058639290064383,0.04036888811553854,0.9189142161127545
GCAAC,0.9347927340475082,0.002328830926874709,0.02887750349324639,0.03400093153237075
CAACT,1.0,0.0,0.0,0.0
AACTG,0.003181818181818182,0.7918181818181819,0.01681818181818182,0.18818181818181817
TTGAG,0.0010587612493382743,0.004235044997353097,0.9925886712546321,0.0021175224986765486
AGGGA,0.012150026413100899,0.0021130480718436345,0.977284733227681,0.008452192287374538
AAACT,0.9533730158730159,0.015873015873015872,0.028273809523809524,0.00248015873015873
AACTC,0.03521825396825397,0.9345238095238095,0.027777777777777776,0.00248015873015873
GGTGT,0.08066298342541436,0.08508287292817679,0.023204419889502764,0.8110497237569061
GTGTG,0.032044198895027624,0.04419889502762431,0.8453038674033149,0.07845303867403315
GTCGT,0.0015625,0.98828125,0.00390625,0.00625
TCGTG,0.07109375,0.0078125,0.91796875,0.003125
ATGCA,0.021410579345088162,0.003778337531486146,0.9722921914357683,0.0025188916876574307
TGGGC,0.0,0.012738853503184714,0.9840764331210191,0.0031847133757961785
CAAAT,0.9636963696369637,0.0016501650165016502,0.034653465346534656,0.0
AAATG,0.9427168576104746,0.004909983633387889,0.04582651391162029,0.006546644844517185
AATGC,0.03577235772357724,0.013008130081300813,0.008130081300813009,0.943089430894309
AGGTA,0.08130968622100955,0.007366984993178717,0.9053206002728513,0.006002728512960437
AGTCA,0.014447071184659837,0.002626740215392698,0.0015760441292356187,0.9813501444707119
GTCAG,0.0005252100840336134,0.998686974789916,0.0002626050420168067,0.0005252100840336134
GCCCT,0.001040582726326743,0.9981789802289281,0.0007804370447450572,0.0
CTCGC,0.0005201560468140442,0.9973992197659298,0.0007802340702210664,0.0013003901170351106
GAGCC,0.11578947368421053,0.0035087719298245615,0.8771929824561403,0.0035087719298245615
AGATG,0.9696969696969697,0.01818181818181818,0.012121212121212121,0.0
GATGC,0.011235955056179775,0.028089887640449437,0.0056179775280898875,0.9550561797752809
CCTCC,0.0,0.06779661016949153,0.0,0.9322033898305084
CGGGT,0.0,0.0,1.0,0.0
CGGGA,0.012195121951219513,0.024390243902439025,0.9634146341463414,0.0
TGTTC,0.0,0.09718172983479106,0.0,0.902818270165209
CCGGA,0.0019646365422396855,0.0009823182711198428,0.9950884086444007,0.0019646365422396855
GGCCG,0.0,1.0,0.0,0.0
GCCGT,0.5,0.0,0.5,0.0
CGGCT,0.018633540372670808,0.013802622498274672,0.966183574879227,0.0013802622498274672
CCGGC,0.0007518796992481203,0.0,0.9992481203007518,0.0
GCTCA,0.00299625468164794,0.05468164794007491,0.010486891385767791,0.9318352059925094
TCTCG,0.0,0.0,0.0,1.0
TCTTG,0.0,0.0,0.0,1.0
GGGTG,0.0,0.0,1.0,0.0
GTGAG,0.0,0.0,1.0,0.0
ACAGG,1.0,0.0,0.0,0.0
GGGAA,0.0,0.0,1.0,0.0
GGAAG,1.0,0.0,0.0,0.0
TGGCC,0.0,0.0,1.0,0.0
GGCCA,0.0,0.9230769230769231,0.07692307692307693,0.0
CCATG,0.9230769230769231,0.07692307692307693,0.0,0.0
CATGA,0.0,0.0,0.07692307692307693,0.9230769230769231
ATGAG,0.0,0.0,1.0,0.0
GGACG,0.8571428571428571,0.0,0.14285714285714285,0.0
GACGC,0.2857142857142857,0.42857142857142855,0.14285714285714285,0.14285714285714285
ACGCG,0.0,0.0,1.0,0.0
CGCGT,0.0,0.7142857142857143,0.14285714285714285,0.14285714285714285
TAAAA,0.6,0.4,0.0,0.0
AAAAC,1.0,0.0,0.0,0.0
GTGCG,0.0,0.0,1.0,0.0
TGCGG,0.0,0.5714285714285714,0.42857142857142855,0.0
GCGGC,0.0,0.0,1.0,0.0
AAGCT,0.0,0.0,1.0,0.0
TTGGG,0.0,0.0,1.0,0.0
ATCAG,0.0,1.0,0.0,0.0
GGGAT,0.0,0.0,1.0,0.0
ATCCC,0.0,1.0,0.0,0.0
GAGAT,0.0,0.2,0.8,0.0
TTGGC,0.0,0.0,1.0,0.0
GGCAA,0.0,1.0,0.0,0.0
GCAAA,1.0,0.0,0.0,0.0
CAAAG,1.0,0.0,0.0,0.0
TCCCC,0.0,1.0,0.0,0.0
CCCGA,0.0,1.0,0.0,0.0
CCGAG,0.0,0.0,1.0,0.0
CGAGA,1.0,0.0,0.0,0.0
CTGAT,0.0,0.0,1.0,0.0
TGATG,0.0,0.0,1.0,0.0
TACAT,0.0,1.0,0.0,0.0
ACATC,1.0,0.0,0.0,0.0
CATCC,0.0,0.0,0.0,1.0
ATCCT,0.0,1.0,0.0,0.0
GCCTA,0.0,1.0,0.0,0.0
CCTAG,0.0,0.0,0.2,0.8
TAGGG,0.0,0.0,1.0,0.0
AGGGG,0.0,0.0,1.0,0.0
CATGT,0.0,0.0,0.0,1.0
ATGTG,0.0,0.0,1.0,0.0
GCGGG,0.0,0.0,1.0,0.0
TGCAT,0.0,1.0,0.0,0.0
GGGCA,0.0,0.0,1.0,0.0
CCAGA,1.0,0.0,0.0,0.0
GGTAG,0.0,0.0,0.0,1.0
GTAGA,1.0,0.0,0.0,0.0
TAGAG,0.0,0.0,1.0,0.0
AGAGC,1.0,0.0,0.0,0.0
AAAGA,0.5,0.0,0.5,0.0
TTCAA,0.0,1.0,0.0,0.0
ACCCG,0.0,1.0,0.0,0.0
CCCGC,0.0,0.0,0.0,1.0
CCGCA,0.0,0.0,1.0,0.0
CGCAC,0.0,1.0,0.0,0.0
