kmer,A,C,G,T
AGCGC,0.04255846739366652,0.868061785700355,0.03187636173164901,0.05750338517432951
GCGCT,0.11906691960343525,0.022427245858438978,0.8040659306986682,0.05443990383945758
CGCTA,0.052001047318752575,0.8123823159114458,0.037870600425612515,0.09774603634418905
GCTAC,0.012101868588364727,0.01719631825686841,0.00642927710167304,0.9642725360530938
CTACA,0.9280995495933048,0.0195857894387043,0.008365328738946461,0.0439493322290445
TACAG,0.003936070697439817,0.8872050037893848,0.007733175839036712,0.10112574967413863
ACAGC,0.9251143731637016,0.014675222585842593,0.04193210643979729,0.018278297810658473
CAGCC,0.05826098711951752,0.01692539425977856,0.9155835665255201,0.009230052095183782
AGCCC,0.019937556146624156,0.6629837416991069,0.0455029856793081,0.2715757164749608
GCCCA,0.009208043774157479,0.9436583751298523,0.01936813084645079,0.027765450249539473
CCCAT,0.0033302528494475944,0.9895596573169818,0.0024865887942542037,0.00462350103931641
CCATC,0.8898458146970043,0.019264175689606988,0.07939974882267878,0.011490260790709918
CATCT,0.0027576439821157925,0.010754914006802393,0.004856705331069285,0.9816307366800126
ATCTC,0.009075149546242523,0.9361757531912124,0.015077649246117538,0.0396714480164276
TCTCT,0.0046018056507622735,0.012825894810303936,0.008073529698296552,0.9744987698406372
CTCTG,0.005718143373923677,0.9747317470830998,0.0036342793091149947,0.015915830233861516
TCTGA,0.01138102978276697,0.02120688779397572,0.009265420497451788,0.9581466619258056
CTGAA,0.029649176812004952,0.02076740376789141,0.9382973694066176,0.0112860500134861
TGAAG,0.9171769278343164,0.03834120856894489,0.043229572032278014,0.00125229156446074
GAAGA,0.8267853770071911,0.0161020605907979,0.14553738285466838,0.011575179547342607
AAGAG,0.028628138904831554,0.030126235042181204,0.9330469825165546,0.008198643536432588
AGAGC,0.9445607067748235,0.01851387637073757,0.02898828301036503,0.007937133844073907
GAGCA,0.15651364382119579,0.14451868719251237,0.6900276773044282,0.008939991681863728
AGCAG,0.034241001530078266,0.8058956193642071,0.05548274331280047,0.10438063579291418
GCAGG,0.9156024865614134,0.03262379400708154,0.04790042928079759,0.003873290150707429
CAGGC,0.021576432802968868,0.011702505882211951,0.9626015155933544,0.004119545721464781
AGGCT,0.22551591064001822,0.09902314856083465,0.6220136879856006,0.05344725281354644
GGCTC,0.025471508328017457,0.9188295554779905,0.04760390033545911,0.008095035858532886
GCTCA,0.0005043560435126541,0.005786821972934662,0.0011060439550716096,0.9926027780284811
CTCAC,0.0048861749989734925,0.9598991760288327,0.00578112181751297,0.02943352715468083
TCACC,0.9290217226510324,0.0032151590173945524,0.030128564011393657,0.037634554320179356
CACCA,0.008920435257436396,0.9199011706496227,0.03043214651851441,0.040746247574426436
ACCAT,0.009204451337025618,0.9578459431172675,0.010478760187591045,0.022470845358115853
CATCA,0.006796428406245664,0.04448866782753047,0.017290453874414205,0.9314244498918096
ATCAC,0.00981268432949846,0.9635646010829486,0.005059409106936393,0.02156330548061653
ACCAA,0.009523984272042292,0.9380584844301637,0.023996684306472834,0.02842084699132113
CCAAG,0.9248026177721147,0.03235832352957148,0.040705283106981696,0.0021337755913321435
CAAGG,0.9032623909198512,0.010748623231127652,0.07808315969018763,0.007905826158833599
AAGGA,0.028669625373892033,0.005575435536679892,0.9622791361612631,0.0034758029281649707
AGGAC,0.0013207326404467428,0.0005280685849417399,0.9970448361654589,0.0011063626091526464
GGACA,0.9924317483150281,0.0023115091880842285,0.0039676879433299395,0.0012890545535577448
GACAC,0.003075012890177876,0.9763291951433207,0.004813885557137871,0.015781906409363555
ACACC,0.9223265895953757,0.01714867502439757,0.03645207754673072,0.024072657833495985
CACCT,0.016388541989701983,0.9270994850991666,0.016965465603897938,0.039546507307233476
ACCTC,0.014802438246209132,0.8956944467767124,0.03542621730393556,0.05407689767314291
CCTCC,0.00809360861426287,0.012315601617630205,0.01822944807374298,0.9613613416943639
CTCCA,0.004015167153479507,0.9762892728654944,0.002891292648477916,0.016804267332548185
TCCAA,0.007896705079369843,0.9330116786095923,0.03700714206171253,0.022084474249325324
CCAAA,0.9447494818567622,0.014363259532190677,0.03979669046287462,0.001090568148172517
CAAAA,0.8831237103272084,0.02715805247125872,0.0847953719170679,0.00492286528446497
AAAAA,0.8664696785672951,0.02215349175118144,0.09522640849047527,0.016150421191048245
AAAAC,0.9304172344791516,0.012563268367090619,0.051252989737509844,0.005766507416247911
AAACC,0.9266538470790159,0.015933926769874252,0.050099684321191516,0.007312541829918314
AACCA,0.014057933569630593,0.8016155058860296,0.04359715391244212,0.14072940663189765
ACCAG,0.010090745413286441,0.9401245326120449,0.03019947583206898,0.019585246142599655
CCAGG,0.9366858912493957,0.010918587787008511,0.036799882975630034,0.015595637987965757
CAGGT,0.062416028285209195,0.02953169953897882,0.899200665534334,0.00885160664147804
AGGTG,0.005356715823037066,0.0011053540587219344,0.9904982064567557,0.0030397236614853195
GGTGG,0.0008814252894721006,0.008490355649794511,0.0008265574501676124,0.9898016616105658
GTGGT,0.05393396194746708,0.024540332540056924,0.8837876563364058,0.03773804917607026
TGGTC,0.021300466200876746,0.021795375329572493,0.9337896125442733,0.02311454592527753
GGTCC,0.0029069367186209177,0.014216280222503718,0.005199440986947183,0.9776773420719281
GTCCT,0.003122883983358632,0.9824247692744249,0.0035928179673928875,0.01085952877482355
TCCTT,0.006897188355517957,0.9605526568504126,0.009155376872236682,0.023394777921832782
CCTTA,0.00043226465935241795,0.0010558595777624634,0.0005385592477177666,0.9979733165151673
CTTAC,0.06198899823723769,0.08943494166939792,0.09170084417712661,0.7568752159162377
TTACA,0.9550354612664986,0.0033734976941014903,0.017982343626133903,0.023608697413266006
TACAA,0.016202281148170305,0.8963873941867725,0.024717057100428225,0.062693267564629
ACAAT,0.9294934961568048,0.01449412662629438,0.046380538040660946,0.009631839176239906
CAATG,0.8314568491672064,0.06982181703449078,0.050528902837974725,0.04819243096032814
AATGA,0.0005874571268883269,0.002465229051986538,0.0007571401573790004,0.9961901736637462
ATGAC,0.008863242502253163,0.013631891424074448,0.9662118571773812,0.01129300889629118
TGACC,0.964289370617716,0.0038284346987607584,0.021548754211159125,0.010333440472364083
GACCA,0.007667402797904395,0.9606395840458318,0.023053475835188804,0.008639537321075006
CCAAC,0.8665648851781922,0.020161899217580843,0.08940594255316711,0.0238672730510598
CAACA,0.9693359283087617,0.010868980631802567,0.017252216821625692,0.0025428742378100022
AACAT,0.007400953876869023,0.922337391901707,0.008905474594888566,0.06135617962653538
ACATG,0.8588972318028553,0.03600948819811194,0.04497593771754056,0.0601173422814922
CATGG,0.0005641924603286082,0.006066122419931492,0.000655493314904607,0.9927141918048353
ATGGA,0.009629386983544845,0.003753055240846401,0.9810440758160899,0.005573481959518921
TGGAC,0.011290816773176924,0.008197642183897983,0.9778196037234819,0.0026919373194432285
GGACC,0.9293203127075051,0.030025940911384785,0.035957821671727945,0.00469592470938211
GACCC,0.008756663544766804,0.943600429866136,0.025143982139664005,0.02249892444943319
ACCCT,0.011249342726080098,0.961703724817778,0.01328180187772315,0.013765130578418754
CCCTG,0.006913454790795109,0.9602802586853746,0.010653383948707164,0.022152902575123087
CCTGT,0.019505922436888607,0.02793364810955471,0.016108799478201912,0.9364516299753548
CTGTG,0.030257899531147308,0.01819550739256264,0.9443347720150939,0.0072118210611962375
TGTGG,0.022384582164529893,0.09318092617800292,0.021077185000636635,0.8633573066568305
GTGGA,0.05292805967901678,0.024315260892984355,0.8992047817348847,0.023551897693114093
ACACA,0.9540899449639311,0.007283406621430091,0.018181653079802677,0.020444995334836173
CACAG,0.0071922548351964445,0.9484026089286725,0.029364214998143855,0.015040921237987299
AGCCA,0.0020704927474826385,0.7683696235046441,0.2145798438937842,0.014980039854089017
GCCAC,0.006918907522423199,0.9843015645726635,0.004998550508200609,0.0037809773967127282
CCACA,0.9529946016015156,0.002765675159888431,0.03484030545684189,0.009399417781754023
CACAT,0.0180225081540871,0.9429043277727488,0.017443280601175337,0.021629883471988735
ACATA,0.8955845069390507,0.03771170088563878,0.019832837512395524,0.046870954662915035
CATAT,0.002400153445414705,0.008463473654826595,0.0017630809647195425,0.9873732919350392
ATATT,0.973810237277494,0.004628760662229994,0.0016673197642701827,0.019893682296005785
TATTA,0.0003259993862121365,0.06565921258981072,0.00037808688838915274,0.9336367011355879
ATTAC,0.0071833152740488175,0.016745882005911393,0.004796860511791179,0.9712739422082486
TTACT,0.8650644673277499,0.004436344016367424,0.002354876828351247,0.12814431182753142
TACTG,0.0008538930089024607,0.7962703779102644,0.002551580954227457,0.2003241481266056
ACTGT,0.000641746838829099,0.000985418453270316,0.0008768811640061024,0.9974959535438945
TGTGC,0.00022206585857228767,0.03096470928519824,0.0011954759322754754,0.967617748923954
CAAAC,0.7778823596143943,0.06797464865377474,0.12218792292495899,0.03195506880687191
AAACT,0.8542832416489271,0.04931019695030823,0.05369403219166839,0.04271252920909631
AACTA,0.059432289559299065,0.6891342892763979,0.11961657011839089,0.13181685104591223
ACTAC,0.01631060369620882,0.026677036455344468,0.010303089794315745,0.946709270054131
CTACG,0.9458297415781579,0.0200816679451997,0.0033073145270350423,0.030781275949607344
TACGC,0.001613094508736939,0.8595234826306924,0.004324549891025082,0.1345388729695456
ACGCA,0.05075057901809968,0.017482057587281618,0.9008023332284906,0.030965030166128157
CGCAC,0.009789746458965222,0.951441444094349,0.02297770841308637,0.01579110103359934
GCACA,0.9326903909390809,0.017993042522728497,0.03149113025781939,0.01782543628037119
ACAGA,0.9060304426606551,0.041019457086469355,0.03860562182233018,0.014344478430545302
CAGAA,0.028218440164274317,0.025583452405252772,0.9377764169558414,0.008421690474631583
AGAAG,0.9419627110517034,0.026169261741880605,0.02931750780821513,0.0025505193982009082
GAAGT,0.8457787445322175,0.03258605260411488,0.10838022156280584,0.013254981300861779
AAGTT,0.15339732823738203,0.10169985437793769,0.7003707041902051,0.044532113194475226
AGTTC,0.018868200411115973,0.020451009086223472,0.023981561923886275,0.9366992285787743
GTTCC,0.004728083374889109,0.003569250108299625,0.001397801708569801,0.9903048648082414
TTCCA,0.00923644883035746,0.9036567493420286,0.014263401573046243,0.07284340025456777
TCCAG,0.012580979997969071,0.9610891130165847,0.014915567913815504,0.011414339071630707
CAGGG,0.024091320182835912,0.025346891219150514,0.942940773874997,0.00762101472301663
AGGGC,0.003157291500915842,0.001593899811328204,0.9936758458227203,0.0015729628650356586
GGGCA,0.13685583057931447,0.015302135404456343,0.8442504657253846,0.0035915682908445575
GGCAG,0.008444672775267266,0.963670049943612,0.01256758385806235,0.015317693423058333
GCAGA,0.9412855227852628,0.018834743259325146,0.025806174588861693,0.014073559366550355
CAGAG,0.009751376362690214,0.004522689682831677,0.9841707518370837,0.001555182117394374
AGAGT,0.9522001073298456,0.005676533390191371,0.040849718645419066,0.0012736406345439358
GAGTC,0.04202569530848607,0.07909075996459235,0.8711899632924165,0.007693581434505129
AGTCA,0.0003860785616547199,0.023302294181198828,0.0026769535628545496,0.9736346736942919
GTCAC,0.007609559692865638,0.9702983964052554,0.00929229561112674,0.012799748290752228
TCACG,0.9202042626871301,0.002494353418164207,0.027281454782344092,0.050019929112361625
CACGA,0.00795628925897277,0.9625258849360875,0.014199526486561136,0.015318299318378654
ACGAT,0.16184067369719607,0.19441826795397887,0.5945609060302067,0.04918015231861834
CGATT,0.8989286921612445,0.043872554037059516,0.03731734292639717,0.01988141087529884
GATTA,0.005686340951880643,0.004966525577506472,0.004669777178043025,0.9846773562925699
TTACC,0.90156219773072,0.004199878321282281,0.034838243004174645,0.05939968094382312
TACCG,0.018675470198469078,0.8695184637802372,0.06210957487980426,0.04969649114148941
ACCGC,0.008002177754634037,0.940424493928209,0.015244282438259356,0.03632904587889757
CCGCG,0.013611359362172906,0.004275224392429214,0.9723656772251065,0.009747739020291397
CGCGG,0.004028380622320337,0.9770154555817714,0.004099476780476754,0.014856687015431481
GCGGA,0.030109157151736364,0.01081737539729747,0.949278634776573,0.009794832674393182
CGGAC,0.0034690090473967795,0.0022606294307930255,0.992932686912582,0.0013376746092282471
GGACG,0.9672408970954334,0.007343798892891856,0.01931762484042745,0.0060976791712473105
GACGA,0.00403284617557874,0.9808801885666669,0.00862869970799093,0.006458265549763424
ACGAA,0.017663406972828193,0.01747141341877571,0.961761808390433,0.0031033712179630427
CGAAT,0.9086106044405309,0.052524744266363235,0.029361480710622168,0.009503170582483747
GAATC,0.7648249818719453,0.053354553359261946,0.1415055545615208,0.04031491020727194
AATCC,0.01901973554255629,0.01918597487634727,0.043171377107083554,0.9186229124740128
ATCCA,0.013826804922532611,0.9383282346304872,0.011217146261499493,0.036627814185480695
TCCAC,0.033664045445252234,0.8601259241509244,0.04183108840411803,0.06437894199970541
CCACG,0.9416442615199675,0.0031972042564253774,0.032448351847748524,0.02271018237585862
ACGAG,0.029855122163938035,0.029137506932713518,0.9287698085089268,0.012237562394421654
CGAGC,0.8993713632796457,0.015859252060554063,0.07680875374599987,0.007960630913800325
AGCAC,0.03283007747193272,0.765870978345263,0.04052173124550158,0.1607772129373027
AGCCT,0.010801606607204377,0.8566593041252992,0.018168744466139388,0.11437034480135706
GCCTA,0.010312565916173973,0.9057833992963117,0.039868598252386714,0.04403543653512763
CCTAC,0.013501416406586026,0.03158258275437582,0.010752295171928664,0.9441637056671095
TACAT,0.0012286362657782848,0.897777332604,0.001376280750866517,0.09961775037935527
TGGAG,0.008141682105929714,0.020066873309789603,0.9678340722014569,0.003957372382823772
GGAGC,0.9680290635533997,0.01035928636027296,0.01654402696703116,0.005067623119296226
GAGCT,0.24407435711736208,0.18911701848782808,0.5456560342772004,0.021152590117609425
AGCTG,0.040440886325970316,0.715136110396877,0.06596383603253222,0.1784591672446205
GCTGA,0.003371862281348732,0.006828764817779428,0.003606288840034753,0.986193084060837
CTGAG,0.020132121469045652,0.02824373627224092,0.9424774046066937,0.009146737652019682
TGAGC,0.9183117282254503,0.03594762262399785,0.03346451083715468,0.012276138313397203
GCAGC,0.887290356417544,0.012923274313115997,0.09560578295082026,0.004180586318519756
GCCTG,0.0021655505170720415,0.9725863532175326,0.008992986128442201,0.01625511013695315
CCTGA,0.0006435087058943958,0.0022477487191804248,0.0008844912535864147,0.9962242513213387
TGAGA,0.9438138804052362,0.030698878058800335,0.023823595999214357,0.0016636455367490843
GAGAT,0.07018038558063942,0.22506044438829131,0.6866798371303704,0.018079332900698915
AGATC,0.9130108316585791,0.023482615766790716,0.04277629016168099,0.020730262412949157
GATCT,0.013743122363312616,0.04393345974763991,0.016019630780022685,0.9263037871090248
ATCTG,0.017273788380653708,0.8943540345947666,0.007997210559906692,0.08037496646467307
TGAGG,0.9625542296228955,0.017801064878101073,0.017017941578880747,0.0026267639201226346
GAGGA,0.1068405738790811,0.14719482007399193,0.7279315255684328,0.018033080478494255
ACACG,0.9572222064245837,0.004277210642553151,0.0180895599725753,0.020411022960287895
CACGG,0.0010852867583844106,0.9886836393853085,0.0031370159082692623,0.0070940579480379155
ACGGC,0.00810439118176006,0.0074575504733048695,0.9806160818834491,0.0038219764614859856
CGGCC,0.00176621131018736,0.0008263264659534948,0.995279378214885,0.00212808400897414
GGCCG,0.0024783945643497194,0.9785517331194651,0.013662439896413836,0.005307432419771316
GCCGT,0.0025719472276990053,0.9903405405624655,0.001741180617805692,0.005346331592029803
CCGTG,0.12099894981569148,0.03662488539191288,0.8280261797616152,0.014349985030780457
CGTGT,0.005221871298514532,0.020956500509419298,0.0031923896811751236,0.970629238510891
GTGTA,0.17913267566370247,0.22486520653923867,0.45235280770186603,0.14364931009519283
TGTAT,0.004787561770994621,0.011035312795912154,0.00661442153029064,0.9775627039028025
GTATT,0.9813333437655031,0.001049900083449208,0.0010513671073198868,0.016565389043727827
GGCTA,0.03640491748809392,0.8784859895891017,0.036415992911728874,0.04869310001107542
GCTAT,0.01096840568166733,0.019707730430550026,0.002986857825567503,0.9663370060622152
CTATG,0.8827663595558706,0.041798975888274255,0.0071347268370656036,0.0682999377187896
TATGC,0.004281404377561691,0.06991838648028174,0.004825494509016751,0.9209747146331398
ATGCA,0.04179256376350899,0.025020946444888933,0.8958390011505857,0.03734748864101635
TGCAC,0.021637604872312206,0.9132992932742704,0.02882509195700282,0.03623800989641452
CCATG,0.8136334715018195,0.06097583663871049,0.05745681924734144,0.06793387261212856
CATGA,0.000431051958832404,0.0022896967912236113,0.0007724792529570805,0.9965067719969869
CAGGA,0.03268405224857097,0.04421960010100778,0.9063669337251211,0.016729413925300154
AGGAA,0.06283839346050821,0.033283668368302356,0.872947249293699,0.030930688877490373
GGAAC,0.552096593036316,0.005372519655559715,0.44007862223886185,0.0024522650692624486
GAACA,0.8970070583730114,0.023607689260677914,0.07483783668304336,0.004547415683267277
AACAC,0.020722644010315244,0.8616337383460672,0.022732481636591226,0.09491113600702641
TCCAT,0.00990628043078865,0.9636098586559441,0.0072017516518533865,0.019282109261413907
CCATA,0.906428907973745,0.03008094126606745,0.03493958626806176,0.02855056449212579
CATAA,0.019131058969806894,0.11331867793807561,0.01136327221221696,0.8561869908799006
ATAAG,0.8513250194855807,0.04035370968340571,0.06650150317336599,0.041819767657647625
TAAGC,0.8856135943987777,0.005783055740409219,0.09388795680985275,0.01471539305096025
AAGCA,0.20192557112608508,0.12074633978608787,0.6710422334694666,0.0062858556183604895
ACTAT,0.01614685480049826,0.030265682922819826,0.007100291061826244,0.9464871712148557
AGTTT,0.0024642536154914616,0.012654628646131219,0.0019674810033499467,0.9829136367350274
GTTTC,0.007934201633204798,0.0026284083599711363,0.0009403498231946426,0.9884970401836294
TTTCA,0.002064381257247383,0.02951215927093371,0.005027029675480573,0.9633964297963383
TTCAG,0.019023079158869652,0.9401483310309693,0.037425663031870594,0.003402926778290503
TCAGG,0.9289486740915798,0.0036036506547937695,0.049318439984854225,0.01812923526877228
AGGGT,0.06569737877693531,0.006850224616112117,0.9219042004994348,0.005548196107517757
GGGTC,0.04663005460355804,0.025552955386125162,0.9171321808711407,0.010684809139176165
GGTCA,0.00030368675723280625,0.0054005628327900715,0.0011869090761848845,0.9931088413337923
AGGGA,0.061737811252335385,0.0482297902376281,0.8398506691287527,0.0501817293812838
GGGAC,0.0067171347171347175,0.002241758241758242,0.9894863654863655,0.0015547415547415547
CACGT,0.017212765712575816,0.92259165908995,0.022032708398071102,0.03816286679940307
ACGTC,0.029376950298973206,0.026548472011575407,0.9323614525042274,0.011713125185223924
CGTCC,0.009153474032732933,0.016201041862862694,0.018013893157012996,0.9566315909473914
GTCCA,0.0048956708036492465,0.9847324927089679,0.002137500215225856,0.00823433627215699
ATCAG,0.009174638460060018,0.9467266919743778,0.010120372639605111,0.03397829692595715
TCAGC,0.9270446866724612,0.013318407337637521,0.047032105546179835,0.012604800443721443
CAGCA,0.21163127029618525,0.14122039339503198,0.633308523205857,0.013839813102925829
GGCTG,0.001577182101312322,0.9491364317974108,0.041511943106094885,0.0077744429951819415
CTGAC,0.013908471013471077,0.0017687999077147874,0.9831739704430972,0.0011487586357169408
TGACG,0.9656271887076155,0.012058401453669192,0.020515281974926493,0.0017991278637887152
ACGAC,0.0007282631413940851,0.0002824877207649702,0.9982495558574563,0.0007396932803845752
CGACA,0.9967422675128038,0.001509264176760464,0.0011760869905699466,0.0005723813198657609
CTACT,0.8458597163664239,0.05207205825986968,0.00933384438482177,0.09273438098888463
TACTA,0.015432437259700501,0.7764610157311633,0.031358399162731525,0.1767481478464047
ACAAC,0.9613718261855907,0.008644974197500809,0.026232540843924977,0.003750658772983486
CAACC,0.8821685839579209,0.02561382339324784,0.08563361043287186,0.0065839822159594755
AACCC,0.009781244517617846,0.789104060673945,0.02644633675658898,0.17466835805184816
ACCCG,0.009568089021163052,0.9298437877977085,0.021269343263669485,0.03931877991745897
CCCGT,0.005371052253416011,0.9799868041466501,0.0038737710009533774,0.010768372598980488
CCGTC,0.011859532198497263,0.01752663751751072,0.9651147571139506,0.005499073170041459
GTCCC,0.0036282234416844953,0.9915327089514132,0.000359806006390327,0.004479261600511915
TCCCT,0.01242859991468589,0.9523686023882902,0.007448578056100338,0.027754219640923512
CCCTC,0.004173245754196558,0.9464351386663845,0.017896864355368167,0.03149475122405081
CCTCA,0.001958312890182212,0.002174023381325393,0.002708365055464384,0.993159298673028
CTCAA,0.004692735128801333,0.9585114612131309,0.023128398542631684,0.01366740511543602
TCAAG,0.8571696658038855,0.04886156367073341,0.08706423257101925,0.0069045379543618505
CAAGA,0.8892235585044821,0.017429677447181706,0.08231434822093946,0.011032415827396742
AGTCG,0.003949362707253658,0.039984424286755374,0.010533887316745379,0.9455323256892456
GTCGA,0.0025199937232874016,0.9938070655570715,0.0032035170867542747,0.0004694236328867825
TCGAG,0.0033940347011764574,0.003883341370596063,0.9907554979826706,0.001967125945556855
CGAGT,0.9071609143856304,0.03904487189462411,0.044472957889539796,0.009321255830205735
ATATC,0.642251175330318,0.06557897551302333,0.16802210289432054,0.12414774626233818
TATCA,0.008255165712892393,0.0024900343210962064,0.01124948740020467,0.9780053125658067
TCAGT,0.8477924658539966,0.048128951337227895,0.05798199281194551,0.04609658999683001
CAGTA,0.17740684130778592,0.1347406741841258,0.6362111210209245,0.05164136348716385
AGTAG,0.020389957722803623,0.055273454923273097,0.02671841847952521,0.897618168874398
GTAGA,0.6640890062335425,0.056014344913273985,0.19400365682336412,0.08589299202981934
TAGAC,0.007402712637850171,0.007459049872537007,0.9817763130096759,0.0033619244799369024
AGACA,0.9900767971488558,0.0037630911237787525,0.004173744685705125,0.0019863670416603724
AAGAA,0.033582636807459286,0.04868828978388845,0.9080503932634233,0.009678680145228961
AGAAC,0.9532342146480586,0.008949902985249083,0.03407867156026213,0.0037372108064302467
GAACC,0.9066156254592967,0.020540085730890223,0.06778241775133727,0.005061871058475802
CCAGT,0.9564464923648681,0.006158846399111349,0.02003853564547206,0.01735612559054848
CAGTT,0.11957234576065691,0.06754291697666089,0.797415337135929,0.015469400126753189
GTTCT,0.004736989398362563,0.003056476217651836,0.0027999407361882396,0.9894065936477974
TTCTC,0.0048191941399415425,0.9023663658761777,0.033813424879743315,0.05900101510413744
TCTCC,0.006349531648213318,0.002151852931099078,0.006621359630911681,0.9848772557897759
CTCCC,0.010547743376423243,0.9585621888216134,0.001327578756657417,0.02956248904530601
GAAGC,0.7433739871799666,0.04591122805843605,0.1931999110430595,0.01751487371853788
AAGCT,0.19480167014613778,0.1635956319254858,0.5729910069054119,0.06861169102296451
AGCTC,0.02057372250564523,0.5846312029871746,0.12265913641529205,0.2721359380918881
GCTCT,0.004852325131129651,0.0064519308621114515,0.011856232618720737,0.9768395113880382
TCTGT,0.01132799483780882,0.02619045100414139,0.008108897903917658,0.9543726562541321
TGTGA,0.0008005974160122209,0.014798447045420788,0.0019064438893635694,0.9824945116492034
GTGAC,0.012276874016877852,0.020691662051384518,0.9560687719505278,0.010962691981209879
GACCG,0.005851907504800067,0.9615925091131703,0.020257673150235134,0.012297910231794528
CCGCC,0.009539866679986807,0.002557740758125856,0.9850750558008986,0.0028273367609887743
CGCCG,0.006115653266073696,0.9644730853077162,0.008528376015140263,0.020882885411069776
GCCGC,0.0024953637627361074,0.9892352607902811,0.0028157981913256697,0.005453577255657138
CCGCA,0.04531532617870493,0.004509827565416616,0.9327384541179308,0.017436392137947666
CGCAG,0.007513329745404068,0.9359488455396452,0.03287734281487755,0.02366048190007323
CAGAC,0.014546490181186937,0.008057574771256012,0.9750682615456946,0.0023276735018625005
AATAC,0.08527931403838587,0.0717767673676387,0.04502306212565033,0.7979208564683251
ATACT,0.8219405689653326,0.042217336014798865,0.018102411744365554,0.11773968327550295
TGCAG,0.017832068647613643,0.8371445287568258,0.08931104177008722,0.05571236082547337
AGACT,0.9579357449065792,0.021012569798857142,0.017144939381275207,0.003906745913288495
GACTC,0.00803916230017392,0.9252982458090004,0.039197861853985966,0.027464730036839677
ACTCC,0.008233872059838934,0.009399988965775513,0.016787067888902076,0.9655790710854835
CTCCG,0.003960923571447391,0.9760636870450768,0.0011856423107436758,0.01878974707273208
TCCGT,0.011488071833144188,0.9351851453518136,0.00786062194934132,0.0454661608657009
CGTGA,0.001172218511653045,0.013529769560097212,0.0033069757395053907,0.9819910361887444
GTGAA,0.017701575486887656,0.011055168602864405,0.9601637596807818,0.011079496229466117
GAAGG,0.8675182195008904,0.009527239478669961,0.11655734878249283,0.0063971922379468665
AAGGG,0.004471164720025759,0.005849950252303825,0.9866739681948995,0.003004916832770863
GGGCC,0.00982266941874429,0.0022222080614710486,0.9869900029602406,0.0009651195595439955
GCCGA,0.0025654625262432145,0.98801224564809,0.002652300475774645,0.0067699913498921824
CCGAT,0.0027001466783527447,0.00039380276429963346,0.9958466232354173,0.0010594273219303714
GATTC,0.008779315797170329,0.019645354257302673,0.00953563137498629,0.9620396985705407
ATTCA,0.002400786253361542,0.004111615327087134,0.005806450189614131,0.9876811482299372
TTCAC,0.0022331303754470947,0.9736401571673877,0.0014612592886975953,0.022665453168467544
CCAGA,0.9817110541268101,0.01264324399093453,0.004484853643744081,0.00116084823851122
AGAGA,0.9646287429606292,0.005580887642958148,0.02791237688853606,0.0018779925078766528
GAGAC,0.003631853865097175,0.0017174903008440941,0.9938860550203541,0.0007646008137046684
GACAA,0.002872683282516826,0.9859750347119967,0.004095600477250273,0.007056681528236249
CAATT,0.9042050560421797,0.03548670083673624,0.03832443456847299,0.021983808552611072
AATTC,0.014453364458023353,0.10123926615042837,0.01752921617764613,0.8667781532139022
ATTCC,0.008418656135754102,0.017115874596686783,0.03017898153006117,0.9442864877374979
CACGC,0.00977993354384365,0.8957803392459327,0.009648888178810502,0.08479083903141318
ACGCT,0.20679533567864739,0.10094018780347516,0.6239223705507029,0.06834210596717452
CGCTG,0.029363656733139145,0.7208619015609828,0.15825154977966988,0.09152289192620808
GCTGT,0.010635030630228946,0.018146627556838775,0.0061899643225453915,0.9650283774903868
CTGTA,0.08425727156169713,0.0626108357444969,0.811984260710233,0.04114763198357298
GTATC,0.7898235129122445,0.04828915164887687,0.007814786274329123,0.1540725491645495
TATCT,0.001541331877792875,0.030745054772155795,0.003931513195529652,0.9637821001545217
TCTGC,0.00046860331241974106,0.0013649001242701981,0.001373400864631554,0.9967930956986785
CTGCA,0.07691545417297925,0.04196514497517842,0.861581815929642,0.019537584922200306
TGCAA,0.0035524103784343713,0.9272652507951884,0.06623400616213446,0.002948332664242771
GCAAA,0.9832226449638432,0.0017936247114066345,0.007402024446243621,0.007581705878506645
CAAAT,0.8722641336979984,0.04183382431865533,0.0759599993437905,0.00994204263955584
AAATG,0.94351609252465,0.020591998737410314,0.015064672760526492,0.02082723597741323
ATGAA,0.01042121002825308,0.011838995409515737,0.971659686352828,0.006080108209403258
TGAAC,0.8907568797839767,0.017202364295939056,0.08674018302988303,0.005300572890201264
AACAG,0.008811474479951072,0.8984562776713627,0.018324297151800287,0.07440795069688598
GAGAG,0.01951967187424251,0.050103892209155364,0.9270888647619949,0.0032875711546071656
CGGCT,0.004354447832800459,0.0005585511436580879,0.9849444438582237,0.010142557165317773
TGTGT,0.004497109001356271,0.019963828062440764,0.0035217812594308187,0.9720172816767721
GCTCC,0.007190657719118416,0.0025826910153939533,0.001929276382002917,0.9882973748834847
ACCAC,0.02486860468569053,0.9076026170185388,0.02069414338173432,0.046834634914036284
ACATC,0.8932030287022363,0.025323915500798072,0.05014228993064431,0.03133076586632131
CATCC,0.01685513868211157,0.028074785197907282,0.0314560804976968,0.9236139956222843
AGGAG,0.01719418906589936,0.015806531877835126,0.9584946950025202,0.008504584053745398
GAGCC,0.03299057520761283,0.031103589075503525,0.9315273689026207,0.0043784668142630295
CATAC,0.06060294157479888,0.08585281291475934,0.051339418727484494,0.8022048267829572
GCCGG,0.001885364975236456,0.9963380411057907,0.0004737583783927505,0.001302835540580064
CCGGT,0.006179271877894567,0.0005235391244814949,0.9909362289074142,0.0023609600902098184
CGGTT,0.09658911667449656,0.1352824095193353,0.7517991734355531,0.016329300370614974
GGTTC,0.003821047227197339,0.01629445959981924,0.009381084988134643,0.9705034081848488
GTTCA,0.001573627519522224,0.005472147503880745,0.003223092509864796,0.9897311324667323
AGATA,0.9328233485182744,0.014182161991805862,0.04141000296058601,0.011584486529333677
GATAA,0.016773162939297124,0.12599840255591055,0.011714589989350373,0.845513844515442
ATAAT,0.7615907274180655,0.012856381561417532,0.21422861710631494,0.011324273914201972
TAATT,0.9376663118680149,0.022751463544438532,0.013770622671633847,0.02581160191591272
AGCCG,0.0289645399242412,0.7182524287538593,0.04843700327066798,0.20434602805123148
CCGAG,0.0028169934891877444,0.0023676846300476743,0.9941891096762284,0.0006262122045361607
CGAGG,0.9764870131361596,0.008698259416958377,0.013208169113233185,0.0016065583336488925
CCGTA,0.20866236702301724,0.08202919743517342,0.6787029262883504,0.030605509253458944
CGTAT,0.008600852844154799,0.029680585726928957,0.007537211360527798,0.9541813500683884
GTATA,0.6609885513877412,0.1086030879003487,0.08788523169330618,0.142523129018604
TATAT,0.0007412263009277934,0.0010588947156111336,0.0013740419524001614,0.9968258370310609
CCATT,0.7710805931275343,0.06662325746588925,0.028835054902773254,0.13346109450380325
CATTA,0.0014135940629049358,0.008569914006361173,0.0018847920838732477,0.9881316998468607
TACCA,0.02534749369506953,0.8553288450949315,0.05651164700907484,0.06281201420092422
CTATC,0.9496664645239539,0.014160916525986266,0.006375690426630391,0.029796928523429432
TATCC,0.008434602632893652,0.011587846386421588,0.015273118921408969,0.9647044320592758
GAACT,0.9184878617576555,0.01968617226245227,0.05808140204080611,0.0037445639390860912
AACTC,0.02113338000838213,0.7696719583897592,0.07099492953924944,0.13819973206260916
CTCCT,0.007163779395765336,0.9788266800569085,0.001790944848941334,0.012218595698384802
CCTTG,0.030538526637356286,0.0907950956715586,0.06271286147749086,0.8159535162135942
CTTGT,0.0027906976744186047,0.012571428571428572,0.006019933554817275,0.9786179401993356
TTGTA,0.1701705015725873,0.24319152458202284,0.5412613805661315,0.0453765932792584
ATCTT,0.003391848858679654,0.9798696780754101,0.0040340924295539085,0.012704380636356339
TCTTC,0.0034282098624566935,0.00833454349314358,0.0018048669169968674,0.9864323797274028
CTTCA,0.004097871700305525,0.019239248273966066,0.022740594347011926,0.9539222856787165
TTCAA,0.0033361219367871206,0.966251096737334,0.020972338414032798,0.009440442911846123
TCAAA,0.9458117524630248,0.015949722665270075,0.026226921363446228,0.012011603508258828
CCGGG,0.002975467573475832,0.0010323050765120234,0.9941097886810785,0.0018824386689336896
CGGGG,0.15644153525736387,0.012555786968164237,0.8282058911038381,0.00279678667063374
GGGGA,0.07227199905061413,0.024862042366344272,0.8848276271287011,0.018038331454340473
TATAC,0.04926488835905084,0.08310623227162138,0.03299710779550004,0.8346317715738277
ACTCT,0.0032659213666624796,0.004056814005312937,0.012006060408689893,0.9806712042193347
CAACG,0.959177601645195,0.009875402864900058,0.023217715723339336,0.007729279766565543
AACGC,0.0026772703895769938,0.9463099472849612,0.0027495928513264476,0.04826318947413535
ACGCC,0.043535390410246864,0.008219926552538628,0.9278084950523295,0.020436187984885005
CGCCA,0.01428153515929269,0.9361407664047915,0.029063558470761974,0.020514139965153805
GCCAA,0.0033622804047477757,0.9857132576485981,0.006592429088326517,0.004332032858327661
ACTCA,0.024374914918709994,0.004868876214515536,0.016962823770090316,0.9537933850966841
TCACT,0.8689146153445332,0.04077663653667552,0.04239807756557028,0.047910670553220965
CACTG,0.02157648772279608,0.7850100041713506,0.12970072326977325,0.06371278483608006
CTCAG,0.0007524977135646395,0.992999841782532,0.0002817042722575317,0.005965956231645809
CAGTG,0.046469002285423104,0.07620612158755148,0.8568587410779135,0.020466135049111878
AGTGA,0.0010029593491908224,0.009069971892373794,0.002984113619197385,0.986942955139238
ACAAA,0.7890041662157775,0.020208851855859754,0.18741883995238612,0.0033681419759766257
AAATC,0.8054266502509707,0.02070001217647775,0.15191508936181727,0.021958248210734242
ATGAT,0.016157280531407102,0.006665275231855387,0.9738334634022396,0.003343980834497904
TGATT,0.9806234433198289,0.008710603799093553,0.005321634508508717,0.005344318372568857
ATTAT,0.0054856886964958764,0.01388215098705079,0.003899690263835504,0.9767324700526179
TTATG,0.9655956165866197,0.013745518500980856,0.0035175539471014004,0.017141310965297977
GCAGT,0.9519584363917134,0.01012262311386806,0.028444112912724275,0.009474827581694214
AGTAT,0.15788655305386243,0.12837417589252395,0.025593979350665506,0.6881452917029481
TGAAA,0.9041514101204066,0.039932634913495996,0.05461313961389735,0.0013028153522001203
GAAAA,0.8505959191255631,0.042535495501581096,0.09576924863105366,0.011099336741802154
AAAAG,0.853071325553953,0.03944866920152091,0.09808083125737511,0.009399173987150912
AAAGT,0.7541600572299462,0.006904917420920033,0.2373487605362197,0.0015862648129140618
AAGTC,0.013790769984657477,0.03212012670707448,0.945006096173703,0.009083007134565012
TCGAA,0.002551490931447894,0.0018444512757454657,0.9929296034429758,0.0026744543498309252
GAATA,0.7624614470568705,0.06814150786785843,0.11741937738635073,0.05197766768892034
AATAA,0.0018023057083372176,0.009695161741400206,0.002268419253596843,0.9862341132966658
ATAAC,0.7224023755389068,0.08142929914147626,0.12954887124628822,0.06661945407332862
TAACC,0.9275969705637288,0.003991991145490045,0.041449552921863926,0.02696148536891719
ATCAA,0.006805614632071459,0.970863462356444,0.003038220817889044,0.01929270219359543
TCAAC,0.9321606494864383,0.006734731533304631,0.049111261455194045,0.011993357525063041
ACCCA,0.019859380782040213,0.757894412236339,0.15764154434439373,0.06460466263722708
CCCAG,0.0050127307447485675,0.9748965626989179,0.009136961595586674,0.01095374496074687
CCTGC,0.00029124908517915555,0.0007542604513614028,0.00044807551566023926,0.9985064149477992
CAGCT,0.143911514141065,0.09712705609661874,0.7241526543724458,0.03480877538987048
TGACT,0.9807490558120017,0.0017205203524968528,0.00968317247167436,0.007847251363827109
TCCCG,0.0059349947175439685,0.9764775340252315,0.001460443726306631,0.016127027530917906
CCCGA,0.001584146114182767,0.9898117661676089,0.003385724047959247,0.005218363670249115
ATTCT,0.030617617434300887,0.015314531636297042,0.001236150535665232,0.9528317003937369
TTCTA,0.010805001502299674,0.80993597892158,0.05802343587491622,0.12123558370120414
TCTAC,0.030274851214412094,0.05879543992279234,0.01524549622004182,0.8956842126427538
AAGAC,0.006356704010085588,0.005574907187209641,0.9849862264591153,0.0030821623435894705
AGACC,0.9578087891567397,0.010120125577285801,0.022803180789933764,0.009267904476040681
ACGTA,0.26926763579574414,0.1770523077210816,0.4171291772066078,0.1365508792765665
CAACT,0.8502576665344036,0.05556774128357613,0.0613593850506584,0.03281520713136187
ACCCC,0.006251658874211397,0.9510606586496253,0.014998264562363462,0.02768941791379979
CCCCT,0.005914315739737522,0.9835278974851939,0.004566079851408927,0.005991706923659707
CATGT,0.009076236465691303,0.04361690310186425,0.00530590641478858,0.9420009540176558
ATGTC,0.03352179317534785,0.02309635510645976,0.9204258390472754,0.02295601267091704
TGTCA,0.007197863859757749,0.026030984353030712,0.011519162055132025,0.9552519897320795
GTCAG,0.002387404826429217,0.9705510388437217,0.00402632597754549,0.023035230352303523
CAAGC,0.7822113770542813,0.031767152788582005,0.1454230570817946,0.04059841307534207
AGCTA,0.047349499967318125,0.7206527659759897,0.06745538924112687,0.1645423448155653
ACAGT,0.9215789336052927,0.01415234957244842,0.047938076933134594,0.016330639889124237
CAGTC,0.05275324299657372,0.024003910048925485,0.9069792378396979,0.016263609114802825
AGTCT,0.006185669410610745,0.03480711687215207,0.007422306651270781,0.9515849070659664
GTCTA,0.016454425664908165,0.8628988140825908,0.06295875214659138,0.057688008105909606
GACTA,0.033342296316214035,0.8436040968979931,0.08312351805226234,0.03993008873353052
GCTGC,0.02864680136698843,0.03502208365809301,0.014729100465655415,0.9216020145092632
GCACC,0.9172628341062149,0.019318155337543403,0.0408326148253443,0.022586395730897397
CACCC,0.014160436156069716,0.8631401773408628,0.04939687031187111,0.07330251619119638
GAAAG,0.8632468570811935,0.03325141878933247,0.09564381398040918,0.00785791014906485
AAAGG,0.8818056334382953,0.017555967734978216,0.08783591424750894,0.01280248457921753
AAGGC,0.004720343230802481,0.0034350671148655173,0.989517757043727,0.0023268326106050223
AGGCA,0.08073122730131678,0.004884655182908272,0.9112646336762229,0.003119483839552012
CAGAT,0.052470578956559946,0.03254201195432344,0.9033710966767882,0.011616312412328389
AGATT,0.9670916966078649,0.0040116703136396795,0.02708215144393117,0.0018144816345642993
TCTCA,0.0072825744031969715,0.002080735543770563,0.006238450790979974,0.9843982392620525
AGATG,0.9907999533369392,0.0036216898391184926,0.0035792688746778658,0.0019990879492645264
GATGA,0.009039984342683643,0.047495622827944076,0.007844527080280774,0.9356198657490915
AAACA,0.878364186977971,0.03526596004493723,0.08309725003663361,0.0032726029404581644
AACCG,0.017577265495413153,0.7605658237703531,0.07635151145865068,0.1455053992755831
ACCGA,0.004365347164645316,0.943408595723348,0.027175442994041996,0.025050614117964637
TGTAC,0.0005058512646281616,0.07855794639486599,0.0011023027557568895,0.9198338995847489
ATCCG,0.014567067250817894,0.94368162126441,0.0038997805353631772,0.037851530949408914
CGTAG,0.01681020085103911,0.0711910190685043,0.04118680744150922,0.8708119726389474
CCACT,0.8485932786080124,0.02841507051147127,0.07514207535255736,0.04784957552795903
CACTT,0.06958166911919277,0.7822857543269568,0.13706117300819845,0.011071403545652022
ACTTC,0.017018902141312686,0.05503243356350701,0.035642045058240916,0.8923066192369394
CTTCT,0.001997672277520107,0.0012159744297948478,0.0013375718727743325,0.9954487814199107
AGAAT,0.9416365647607021,0.021849578573316496,0.015212475404540248,0.021301381261441172
GAATT,0.8963300430270817,0.01478106808402936,0.0879777271576816,0.0009111617312072893
CAATA,0.7862594026144746,0.04348937413276857,0.1228547432994961,0.04739647995326079
AATAT,0.05831021930958353,0.035848278849445615,0.03146068985754309,0.8743808119834278
ATATA,0.5955507460512351,0.09497846128233409,0.17164380995983602,0.1378269827065948
ATACG,0.9482682284586884,0.009895837378923576,0.003549762701858771,0.03828617146052928
GAGAA,0.03939663226012259,0.08422767562148244,0.8609838904459179,0.015391801672477043
CGTCT,0.00690807999712413,0.03721256275987682,0.012839562388410244,0.9430397948545888
AAAAT,0.7971579906595284,0.015814253711508523,0.15962334358507044,0.02740441204389262
AAATA,0.7929585872123799,0.026253252092038427,0.16505422969061484,0.015733931004966832
