kmer,A,C,G,T
GCACC,0.9172109342020374,0.005968690014416452,0.03511322092217505,0.041707154861371075
CACCT,0.021453310572903537,0.9076000778141481,0.04098503703990978,0.02996157457303865
ACCTT,0.009951666679680485,0.9384413870647854,0.020975021277592546,0.03063192497794158
CCTTC,0.008545929163235174,0.04327107160658363,0.032212819296791345,0.9159701799333898
CTTCT,0.004990815750987057,0.006423982869379015,0.008502917496493513,0.9800822838831404
TTCTC,0.005610491187417965,0.9120550887416811,0.0319816473504517,0.050352772720449274
TCTCT,0.00563253517711358,0.006907569530370766,0.011193565837007008,0.9762663294555086
CTCTG,0.004114599114152697,0.9841821153971491,0.0024989156246686345,0.00920436986402965
TCTGG,0.008886012860381955,0.022194907578290048,0.009618297698279302,0.9593007818630487
GTGTG,0.020962684477282324,0.012420611831213171,0.9495093423024854,0.017107361389019075
TGTGG,0.013885101409264189,0.05905411416817696,0.01394060642040139,0.9131201780021575
GTGGG,0.004553410569913638,0.004499981834229868,0.9837542449130501,0.007192362682806419
TGGGC,0.019977145374691946,0.003981202300148234,0.9725767442714285,0.003464908053731316
GGGCT,0.10112910418887908,0.07420499355806973,0.796113758740794,0.028552143512257162
GGCTG,0.002380068389492647,0.9706880311679316,0.018058582847784426,0.008873317594791312
GCTGG,0.0005053206973865033,0.012524629806817362,0.0011182966737814356,0.9858517528220146
CTGGA,0.014641199966150723,0.004911382251294511,0.9741282693416022,0.006319148440952509
TGGAT,0.0017299355238151496,0.01406510864394818,0.9785332545128221,0.005671701319414496
GGATC,0.8676532405805262,0.030299771702442843,0.08198964938109399,0.020057338335936956
GATCC,0.0014508862665130815,0.003667206606652848,0.004816852705517928,0.9900650544213161
ATCCG,0.008951722434868503,0.9474440002881014,0.005551739926739927,0.03805253735029016
TCCGT,0.00792598028948786,0.9564025675998594,0.005263931624513779,0.0304075204861389
CCGTC,0.00875626566935574,0.0023974798352659216,0.9867343429160664,0.002111911579311857
CGTCA,0.00437726636033984,0.02681014282161044,0.012727617850737671,0.9560849729673121
GTCAG,0.0015111329936380682,0.9933020888007394,0.0010605800211496688,0.004126198184472799
TCAGC,0.9223919067959372,0.016151128534759463,0.04285068984788561,0.01860627482141768
CAGCC,0.044499014254374525,0.012440669719522608,0.9361948072673366,0.00686550875876623
AGCCC,0.027265488756853196,0.768356037320196,0.036536381985409816,0.16784209193754096
GCCCC,0.002444346415011107,0.9888480141162383,0.0029378633434688764,0.005769776125281616
CCCCC,0.0038369842649987377,0.9775462693982875,0.005559940858513209,0.013056805478200591
CCCCA,0.002754168545338856,0.9929670940909263,0.002058041489509635,0.002220695874225179
CCCAG,0.003077152973384295,0.9932530410642509,0.0014841713775446176,0.002185634584820104
CCAGG,0.9359428594176787,0.022628879189914027,0.028330425903466478,0.01309783548894079
CAGGA,0.029461198706727386,0.017836696298972735,0.9468923456451723,0.00580975934912754
AGGAA,0.016902108888461904,0.008446210507789858,0.9670127928361409,0.007638887767607305
GGAAA,0.941927910335838,0.019432855050655017,0.033933577255821676,0.00470565735768532
GAAAG,0.9085613252763951,0.03401949854790494,0.05449368391902351,0.002925492256676442
AAAGG,0.9058188725565318,0.01335950763213548,0.07101971370240988,0.00980190610892286
AAGGC,0.007094980383400224,0.002625666699964939,0.9885894656019054,0.0016898873147293929
AGGCC,0.014309979388060915,0.0052048793399177605,0.9754440737027921,0.00504106756922923
GGCCC,0.0035044099215610527,0.9723355422879503,0.007561663624089466,0.0165983841663992
GCCCT,0.0017801964511486464,0.9950336366195853,0.0011506574310960799,0.002035509498169965
CCCTG,0.005510392388426843,0.9730741432710353,0.009291601317195398,0.01212386302334252
CCTGG,0.01909799158833614,0.030850109148563103,0.019023950201700297,0.9310279490614004
TGGAG,0.004213949833530633,0.018875778579310477,0.9747387573841342,0.0021715142030247106
GGAGT,0.9860010616544514,0.004143645306303274,0.006544740486684751,0.003310552552560543
GAGTG,0.07060474380998735,0.00908039519654935,0.915940030687832,0.004374830305631288
AGTGG,0.0015616470973165504,0.001727064662272809,0.002555569773412356,0.9941557184669982
GTGGC,0.0069750951149333855,0.004960673706156599,0.9786875881640811,0.009376643014828991
TGGCT,0.0032426372160678876,0.022149161311939124,0.9656824921753053,0.008925709296687612
GGCTT,0.0025585380000069688,0.9719587149468099,0.0066936321007982245,0.018789114952384965
GCTTG,0.0008847019281654352,0.04456096835137075,0.0009919793309211627,0.9535623503895426
CTTGC,0.011963346192763867,0.038943341124600614,0.014600208751619242,0.9344931039310163
TTGCA,0.026694121128427697,0.0012048022996928105,0.9563681904010372,0.015732886170842376
TGCAC,0.02063148931948945,0.9211199793884884,0.025316612657892996,0.032931918634129136
GCACT,0.9379746988693817,0.012034697069151475,0.024275209934744284,0.025715394126722524
CACTC,0.07340157796408665,0.7837478963052171,0.1112166175161219,0.03163390821457429
ACTCA,0.023310665330746765,0.006374896075379991,0.014338399880619924,0.9559760387132533
CTCAT,0.0053555267356478415,0.9545769227180698,0.023812500583136623,0.016255049963145765
AGCGC,0.04237433855096902,0.8684395904285414,0.031824434509612504,0.05736163651087716
GCGCT,0.10768793729286127,0.018612236309116733,0.827450155189647,0.04624967120837498
CGCTA,0.05199974374758023,0.8123842337913381,0.03786965107890625,0.09774637138217541
GCTAC,0.014014621127141918,0.024176691293080105,0.007069198932425637,0.9547394886473524
CTACA,0.9251862674070134,0.020552907429041943,0.010118056242464424,0.0441427689214803
TACAG,0.0054716077671686045,0.8967697289449691,0.009884970515632072,0.08787369277223026
ACAGC,0.9259468617696311,0.014528714816614633,0.041458578785262046,0.018065844628492117
GCCCA,0.00734789337118788,0.9548984016538093,0.015432709276303287,0.022320995698699525
CCCAT,0.003182498044381706,0.9901824139591652,0.0023059733628226133,0.004329114633630519
CCATC,0.8907131445849352,0.01914589958460612,0.0786817947272131,0.011459161103245566
CATCT,0.002870442329656078,0.010731003155889882,0.004962095106822881,0.9814364594076311
ATCTC,0.009046936735064551,0.936607821158729,0.014880977831259528,0.039464264274946974
TCTGA,0.011308049470617376,0.02104768221929287,0.009198495394665033,0.9584457729154248
CTGAA,0.029665672022624018,0.020739273319205134,0.9383427009429036,0.011252353715267196
TGAAG,0.9259853344360387,0.03475319672502771,0.038066263418376094,0.0011952054205575332
GAAGA,0.8347150505149117,0.015930205252284318,0.1367504228265659,0.012604321406238045
AAGAG,0.028610277562164166,0.03010565538016127,0.9330903215910203,0.008193745466654231
AGAGC,0.944117564257763,0.018506892636280886,0.029438923453731596,0.007936619652224506
GAGCA,0.1560438427270882,0.14415001250854628,0.6908711576160345,0.008934987148331026
AGCAG,0.03368463348329098,0.8086912299410206,0.054837639552032094,0.10278649702365637
GCAGG,0.9191957395307092,0.029458160233353504,0.046365580358053486,0.004980519877883772
CAGGC,0.010734104334420336,0.006321109552973621,0.9803881338952855,0.0025566522173205517
AGGCT,0.11850583551849751,0.043661738373338844,0.8043088108833307,0.033523615224832895
GGCTC,0.007279230179681512,0.9489419228476539,0.02224772204717704,0.021531124925487526
GCTCA,0.0005102211958949262,0.005901970442480063,0.0011281361390202693,0.9924596722226048
CTCAC,0.0054957920055872635,0.9670471091719838,0.005788617100410243,0.021668481722018663
TCACC,0.9410711051564933,0.004050239624428669,0.028814665334822055,0.026063989884256025
CACCA,0.008904401389541555,0.920076250491389,0.03040376508957259,0.040615583029496846
ACCAT,0.009202537703778798,0.9578527101390332,0.01047724726636371,0.02246750489082429
CATCA,0.006804157985449301,0.04448574488906998,0.017290360317910657,0.9314197368075701
ATCAC,0.009706372852137088,0.9640012956107171,0.005027183733125607,0.02126514780402014
ACCAA,0.009523984272042292,0.9380584844301637,0.023996684306472834,0.02842084699132113
CCAAG,0.9244187557556977,0.03140564207812415,0.038093513680692304,0.006082088485485896
CAAGG,0.8743862295981347,0.02323902266982777,0.09220834884495561,0.01016639888708192
AAGGA,0.030330788683457722,0.008231203680222596,0.955069667789283,0.0063683398470366
AGGAC,0.0015634721503846034,0.000858303375707712,0.9964398882438674,0.001138336230040297
GGACA,0.9821255368905923,0.005161602700179862,0.009897263076259964,0.0028155973329678056
GACAC,0.0030751606405735477,0.9763155652819678,0.004829421173464426,0.01577985290399423
ACACC,0.9223989858159518,0.01713427393748521,0.036416190389153294,0.024050549857409658
ACCTC,0.014754639830419894,0.8956137453538981,0.03563579299743428,0.0539958218182477
CCTCC,0.008090676681720527,0.012371152018522904,0.018229391142482107,0.9613087801572745
CTCCA,0.0029229268205264282,0.9820958768057519,0.003449758262364502,0.011531438111357139
TCCAA,0.007896698842644148,0.9330113366220121,0.03700711283390277,0.022084851701441047
CCAAA,0.9447494818567622,0.014363259532190677,0.03979669046287462,0.001090568148172517
CAAAA,0.8831237103272084,0.02715805247125872,0.0847953719170679,0.00492286528446497
AAAAA,0.8670182561345275,0.021892273718572976,0.09518290424787744,0.015906565899022042
AAAAC,0.9304176566667557,0.012563192140511653,0.051252678764285735,0.00576647242844696
AAACC,0.9265446590917007,0.015751377635969708,0.05022327804211978,0.007480685230209763
AACCA,0.014057933569630593,0.8016155058860296,0.04359715391244212,0.14072940663189765
ACCAG,0.010060457711095672,0.9404614127859483,0.029974485469896634,0.01950364403305939
CAGGT,0.059234612589583055,0.023683013338742617,0.9078951255393692,0.009187248532305044
AGGTG,0.01188822980402518,0.006304445654497046,0.9745899693799411,0.007217355161536652
GGTGG,0.00283336674746812,0.007391358497214476,0.001981306310411237,0.9877939684449062
GTGGT,0.052664397182244096,0.023957666250969026,0.8867049782601368,0.03667295830665004
TGGTC,0.017710903194286774,0.012325490277379026,0.9655718470037633,0.004391759524570881
GGTCC,0.0013254847276998657,0.008432070920258111,0.002913476333079927,0.9873289680189621
GTCCT,0.0027149309726568578,0.9848772351316404,0.0030617892275007588,0.009346044668202024
TCCTT,0.006897169349894255,0.9605527655499756,0.009155351644036622,0.02339471345609358
CCTTA,0.0005093387522775843,0.001058934519339995,0.0005530963770436999,0.9978786303513387
CTTAC,0.06198899823723769,0.08943494166939792,0.09170084417712661,0.7568752159162377
TTACA,0.9547829520363101,0.003547825686947988,0.018051551766437683,0.02361767051030422
TACAA,0.016216290783151743,0.8966568506606531,0.024695275090255053,0.06243158346594003
ACAAT,0.9317507102225431,0.015878174247479313,0.03972584677306575,0.012645268756911878
CAATG,0.8016161571456496,0.07373836842629372,0.074574845926598,0.05007062850145867
AATGA,0.0005834911988116856,0.0024343503778380005,0.0007760276091722621,0.9962061308141781
ATGAC,0.008863242502253163,0.013631891424074448,0.9662118571773812,0.01129300889629118
TGACC,0.9647670607147575,0.0037926230974821705,0.021261547195369972,0.010178768992390397
GACCA,0.0055427514630076585,0.9704494006303603,0.015852336145862584,0.008155511760769422
CCAAC,0.8753189729891511,0.02200502744681477,0.07984661616152879,0.02282938340250542
CAACA,0.9271982463059087,0.020945322594207172,0.04192262097208751,0.009933810127796549
AACAT,0.008607144844324212,0.8999136238504156,0.011783985437935027,0.07969524586732517
ACATG,0.8678167396476014,0.033833783786552794,0.04221569708233356,0.05613377948351218
CATGG,0.0005588951264344975,0.006004327642262959,0.0006541142961233378,0.9927826629351792
ATGGA,0.011981681164109036,0.00596907813950651,0.9746318463016357,0.007417394394748774
TGGAC,0.007398470896250706,0.0050781657957569715,0.9852329488366063,0.002290414471386025
GGACC,0.958749560677855,0.013268570650641307,0.023633794951511338,0.004348073719992388
GACCC,0.005771763303043891,0.9630615246484255,0.016116803807622735,0.015049908240907853
ACCCT,0.014046308503814674,0.9199197248890709,0.04278952568149507,0.023244440925619305
CCTGT,0.011204615347939066,0.015971742119023212,0.009484985020780191,0.9633386575122576
CTGTG,0.029668316756377742,0.017928720388547436,0.9452508306843622,0.007152132170712599
GTGGA,0.022383754740042085,0.008034715661603334,0.9580541436763633,0.011527385921991202
ACACA,0.955048739272247,0.0072856827181002875,0.017747945985258435,0.019917632024394307
CACAG,0.007055101058710298,0.9478731953801732,0.030342396535129934,0.014729307025986526
AGCCA,0.0027740031679920236,0.7731219194493805,0.20913089274658475,0.014973184636042743
GCCAC,0.006214222570033187,0.9845079199455096,0.004876599568134719,0.004401257916322478
CCACA,0.9533061458304918,0.00274557407457923,0.034583594751629886,0.009364685343299053
CACAT,0.017689497394192674,0.944208057792299,0.017001740077721747,0.021100704735786565
ACATA,0.8955959061429823,0.03772148005672623,0.01982489070924877,0.04685772309104268
CATAT,0.0025662689675183914,0.009444928055712018,0.00184255892945534,0.9861462440473142
ATATT,0.973810237277494,0.004628760662229994,0.0016673197642701827,0.019893682296005785
TATTA,0.0003259993862121365,0.06565921258981072,0.00037808688838915274,0.9336367011355879
ATTAC,0.0071833152740488175,0.016745882005911393,0.004796860511791179,0.9712739422082486
TTACT,0.8650644673277499,0.004436344016367424,0.002354876828351247,0.12814431182753142
TACTG,0.0008806710867121835,0.7962294275375471,0.0025866937099854413,0.20030320766575524
ACTGT,0.0017664202542645915,0.0026396378580607186,0.0014759923985907964,0.9941179494890839
TGTGC,0.00026657874244985865,0.031002158627556897,0.001214460122337359,0.9675168025076559
ACTGG,0.0010459175440189804,0.0029300327323029027,0.002013775938717563,0.9940102737849605
CTGGG,0.00047185683832202426,0.0006247796211542214,0.9967875028861798,0.002115860654343947
TGGGG,0.0005131853828009682,0.002224599755507356,0.9950749904300398,0.002187224431651882
GGGGC,0.004685422374660376,0.0022573671085607833,0.9912214366672949,0.0018357738494839376
GGGCC,0.004442918953430706,0.0025285455297223373,0.9917683857006716,0.0012601498161753878
GGCCA,0.004106439404488923,0.9821854179625005,0.003029749766105216,0.010678392866905358
GCCAG,0.0020574142409129966,0.9957988122614937,0.0014413124579292825,0.0007024610396640643
CAGGG,0.00882444265594479,0.009680321240775646,0.9783928662595965,0.003102369843683075
AGGGA,0.012426531707239213,0.007052219426938108,0.9740313603866086,0.006489888479214013
GGGAA,0.02122186354699313,0.008661415867432918,0.9650720415188748,0.005044679066699086
GGAAC,0.9468612977219479,0.010687640954915865,0.038587354843039254,0.0038637064800969094
GAACC,0.9056462925760549,0.007772161459883384,0.06897111002695122,0.017610435937110525
AACCC,0.008093734996479519,0.880368473500996,0.019005150582201404,0.09253264092032308
CTGGT,0.02506095739333127,0.012892479106072382,0.951493222938329,0.010553340562267265
GGTCA,0.00043066897991065706,0.003125553657566347,0.0028168982696355526,0.9936268790928875
GTCAC,0.0061715681337843106,0.9792593870258062,0.005946731667183065,0.00862231317322644
CACCG,0.0031845752921924346,0.90057540912238,0.02380289535024933,0.0724371202351783
ACCGT,0.00460763910708279,0.9734423625152531,0.003327636675632639,0.018622361702031534
CGTCT,0.0010099137492075758,0.0047197970623946124,0.0031616114188402623,0.9911086777695576
GTCTC,0.001992707850867973,0.9740429091117075,0.011997522308510328,0.011966860728914194
TCTCC,0.006078395666937202,0.0033307030199294144,0.01025487241104067,0.9803360289020927
CTCCT,0.0016262908430690027,0.9942689059238554,0.0009014127456738364,0.003203390487401729
TCCTC,0.007320347562760479,0.9355096687703628,0.028115045066262136,0.029054938600614613
CCTCA,0.00358585550303487,0.009879472010522592,0.010123057605792784,0.9764116148806498
CTCAG,0.0001885914004729959,0.9985416080078365,0.0005137489874954027,0.0007560516041950628
GCTTC,0.0123634162449778,0.14532035120135786,0.012128011568458389,0.830188220985206
TTCTG,0.0055957063079898305,0.97588492210078,0.0013637252558614545,0.017155646335368636
CTATC,0.7179294409635252,0.04778418131571134,0.10217280416593708,0.1321135735548264
TATCA,0.004436358813885965,0.0036865020132561704,0.004724168385529386,0.9871529707873284
ATCAG,0.01311429619090596,0.918539905708828,0.016560770398826172,0.051785027701439855
CAGCT,0.2001074568224983,0.11676782343378218,0.6420089231868392,0.04111579655688027
AGCTG,0.02344206707902654,0.7434557213794485,0.044785377154534824,0.18831683438699018
TGGGT,0.0014180118389575073,0.007983008566754485,0.9871170947641663,0.003481884830121701
GGGTG,0.02507394490650476,0.03366165255682397,0.9308461210703343,0.010418281466337019
GGTGC,0.00542222896988494,0.007814417805416906,0.003098557391336067,0.9836647958333621
GTGCG,0.023472993903605962,0.014542856597821986,0.948527407312596,0.013456742185976017
TGCGA,0.007132064698960444,0.9910575898732062,0.00022141917155808075,0.0015889262562752838
GCGAC,0.0015951273073123115,0.00024020904453197182,0.9969246279718906,0.0012400356762650487
CGACA,0.9218026938954889,0.027303159085702532,0.04294056318405169,0.007953583834756956
GACAG,0.0028162419304233084,0.9941231031388533,0.002250521952200781,0.0008101329785225508
ACAGG,0.9722555508863735,0.0012353261444830867,0.011255475461123989,0.01525364750801948
CCCCT,0.003080949807603409,0.9908828106179479,0.00316884672730469,0.002867392847144001
GACAA,0.004663401808402428,0.9831785356369382,0.006955339816757562,0.005202722737901758
ACAAG,0.9744521268809698,0.0025950577330799652,0.016593665489242564,0.006359149896707695
AAGGG,0.004822836331629621,0.004436371685963546,0.9887201866836379,0.0020206052987689262
AGGGC,0.0032918031584060017,0.0020755005271685476,0.992872735873044,0.0017599604413814527
CTTGA,0.008104237043706178,0.01364891766186181,0.015734937699215835,0.9625119075952162
TTGAG,0.0030204638760608173,0.02255922566629069,0.9735331464025996,0.0008871640550489651
TGAGT,0.9924757346320371,0.0023103373166949333,0.0014682401534515744,0.003745687897816443
GGATG,0.863444963380244,0.03963717741938322,0.07679502966567998,0.02012282953469278
GATGG,0.006856619386747174,0.004677463165540899,0.0034393714000802177,0.9850265460476317
ATGGG,0.010693493140526951,0.0054493746803994545,0.9731701645253183,0.010686967653755299
TGGGA,0.0016441575590857341,0.01596550769625145,0.9798662055342354,0.0025241292104273946
GGAAG,0.9532809795323729,0.019884185484173422,0.025479270810094583,0.0013555641733591043
GAAGG,0.9065424807471572,0.010303248354409999,0.07675512309453085,0.006399147803901942
AGGAT,0.08349120248592806,0.030051926457961377,0.864350646695651,0.02210622436045957
CAAAC,0.7778823596143943,0.06797464865377474,0.12218792292495899,0.03195506880687191
AAACT,0.8544546241492644,0.049252365072678744,0.0536500661885761,0.042642944589480695
AACTA,0.059432289559299065,0.6891342892763979,0.11961657011839089,0.13181685104591223
ACTAC,0.01631060369620882,0.026677036455344468,0.010303089794315745,0.946709270054131
CTACG,0.9455695444841278,0.02009060541175161,0.0035883019466301782,0.030751548157490437
TACGC,0.0016221073277191132,0.8599698324312639,0.004318266379533898,0.13408979386148312
ACGCA,0.04966627831990043,0.01627128719702981,0.9047506574914215,0.029311776991648334
CGCAC,0.009789732044918807,0.9514415155901005,0.022977674581591653,0.01579107778338911
GCACA,0.9327061870604773,0.018012577649962662,0.031505326847663814,0.017775908441896245
ACAGA,0.9100050493109294,0.03924236291721935,0.03699622103158224,0.013756366740269057
CAGAA,0.028218440164274317,0.025583452405252772,0.9377764169558414,0.008421690474631583
AGAAG,0.9417497090452172,0.025914290252659386,0.02991070793949624,0.002425292762627252
GAAGT,0.8463229147552348,0.032414622708830304,0.10805635410932371,0.01320610842661121
AAGTT,0.15339732823738203,0.10169985437793769,0.7003707041902051,0.044532113194475226
AGTTC,0.01868150752041773,0.02041984099946638,0.02376023901331637,0.9371384124667995
GTTCC,0.004936761071208942,0.0035554911341867507,0.0014302964934288427,0.9900774513011754
TTCCA,0.009228644489366732,0.9037864831164255,0.014249748008239915,0.07273512438596784
TCCAG,0.008405873993741797,0.9744518154806223,0.009520240545388742,0.007622069980247113
GGGCA,0.10577950244443937,0.013305182363540977,0.8756448491898755,0.005270466002144112
GGCAG,0.007137320117668884,0.9691164729812101,0.011938323218402989,0.011807883682718045
GCAGA,0.9414216346945805,0.018771121294258,0.025750507909409928,0.0140567361017516
CAGAG,0.00971544971655847,0.004549187887795498,0.9841860778219336,0.001549284573712452
AGAGT,0.9524831823962978,0.005652349356666002,0.04058239731939911,0.0012820709276370565
GAGTC,0.04148331579618092,0.07197289134602461,0.8794267962582146,0.007116996599579805
AGTCA,0.00041421320228811586,0.02324060416637865,0.002672446154942324,0.973672736476391
TCACG,0.9251347193259747,0.006920795875348022,0.027146085738274848,0.04079839906040247
CACGA,0.007956265880761057,0.9625230567164004,0.01419948476365167,0.015321192639186906
ACGAT,0.16184067369719607,0.19441826795397887,0.5945609060302067,0.04918015231861834
CGATT,0.8989286921612445,0.043872554037059516,0.03731734292639717,0.01988141087529884
GATTA,0.005686340951880643,0.004966525577506472,0.004669777178043025,0.9846773562925699
TTACC,0.90156219773072,0.004199878321282281,0.034838243004174645,0.05939968094382312
TACCG,0.018675470198469078,0.8695184637802372,0.06210957487980426,0.04969649114148941
ACCGC,0.008002177754634037,0.940424493928209,0.015244282438259356,0.03632904587889757
CCGCG,0.013611359362172906,0.004275224392429214,0.9723656772251065,0.009747739020291397
CGCGG,0.004028380622320337,0.9770154555817714,0.004099476780476754,0.014856687015431481
GCGGA,0.030109157151736364,0.01081737539729747,0.949278634776573,0.009794832674393182
CGGAC,0.0033673857185901193,0.0022090898216829964,0.9930426540571395,0.001380870402587315
GGACG,0.9428904325832511,0.013490866802562868,0.0320513103960593,0.011567390218126666
GACGA,0.00403284617557874,0.9808801885666669,0.00862869970799093,0.006458265549763424
ACGAA,0.017663406972828193,0.01747141341877571,0.961761808390433,0.0031033712179630427
CGAAT,0.9086106044405309,0.052524744266363235,0.029361480710622168,0.009503170582483747
GAATC,0.7648865547273047,0.05333119995984238,0.14144893707803127,0.040333308234821674
AATCC,0.01901973554255629,0.01918597487634727,0.043171377107083554,0.9186229124740128
ATCCA,0.018506065769729647,0.9259594598031486,0.014705358732419441,0.04082911569470231
TCCAC,0.033663786423027586,0.8601248020084395,0.04183296492155632,0.06437844664697652
CCACG,0.9298284223539214,0.011100461103017774,0.03703161548479984,0.022039501058261003
ACGAG,0.029854995766299745,0.029137383573243015,0.9287701100762066,0.012237510584250636
CGAGC,0.8993720793353414,0.01585913920890332,0.07680820718840568,0.007960574267349651
AGCAC,0.03260326310294657,0.768177527016671,0.04011906216333285,0.15910014771704967
AGCCT,0.008999985792149535,0.8711276159822735,0.02606957232995151,0.09380282589562547
GCCTA,0.01031253373805478,0.9057836932787242,0.039868473851096375,0.04403529913212462
CCTAC,0.013609263942387326,0.031649095265375106,0.010866205199784353,0.9438754355924532
TACAT,0.0016964526201596272,0.885857004001861,0.0030463753828596004,0.10940016799511984
GGAGC,0.9597306789952789,0.010656056899227984,0.023989931205774917,0.005623332899718206
GAGCT,0.2056432673658,0.20064681999339473,0.5734523066493875,0.020257605991417828
GCTGA,0.003466105639069267,0.006943433492636824,0.0036553246446376676,0.9859351362236562
CTGAG,0.020094811741191924,0.02786557546648919,0.9430722312278484,0.008967381564470436
TGAGC,0.9083783821387674,0.029075529592430052,0.049152946559125485,0.013393141709676992
GCAGC,0.9350323511959873,0.008315210265878578,0.04919280826222648,0.007459630275907652
GCCTG,0.0021139134735563545,0.9753942275310387,0.008004463990057477,0.014487395005347488
CCTGA,0.0007269375474521556,0.00223310293138335,0.0010363217575278792,0.9960036377636367
TGAGA,0.9451016506347026,0.030302221042964976,0.02299034751141305,0.0016057808109193096
GAGAT,0.07017893454724833,0.22505129602501028,0.686691402079865,0.018078367347876347
AGATC,0.9138557728898223,0.02327864324763755,0.04237757841873439,0.020488005443805767
GATCT,0.013617429998041266,0.04353660131697194,0.01587355299351145,0.9269724156914754
ATCTG,0.016831234228550828,0.8969839919790915,0.007816724495313626,0.07836804929704398
TGAGG,0.9636706095512222,0.017384049952123483,0.016262535334017558,0.0026828051626368206
GAGGA,0.10645614242286529,0.1462916622403287,0.729157427161755,0.01809476817505104
ACACG,0.9572268885272055,0.00427846377618915,0.01808964231872305,0.02040500537788228
CACGG,0.0017315965972940837,0.9862978524051106,0.0034382866681887322,0.008532264329406602
ACGGC,0.00810890091283222,0.00745736195457815,0.9806123594907347,0.0038213776418549402
CGGCC,0.0017805187677782759,0.000938606096293809,0.9951536197901224,0.002127255345805526
GGCCG,0.0029803689637985862,0.9760333232715351,0.013162455336145957,0.007823852428520284
GCCGT,0.0026476034773080886,0.9903603240040162,0.0018028363514457847,0.0051892361672299
CCGTG,0.11656578405724591,0.03598606285074023,0.8335286820234963,0.013919471068517583
CGTGT,0.005221871298514532,0.020956500509419298,0.0031923896811751236,0.970629238510891
GTGTA,0.17913267566370247,0.22486520653923867,0.45235280770186603,0.14364931009519283
TGTAT,0.0047878920426197916,0.011035969846292638,0.0066144057081542135,0.9775617324029333
GTATT,0.9813333437655031,0.001049900083449208,0.0010513671073198868,0.016565389043727827
GCCAA,0.0035555247763336463,0.990940022357782,0.0034382664337763835,0.0020661864321080098
GGGAC,0.012545464685639867,0.010298420172829868,0.9742398183975026,0.002916296744027602
ACCAC,0.016206791668363106,0.9422635541579549,0.013101308214841975,0.02842834595883997
ACGGT,0.02674659723413212,0.011342552892935655,0.9506830032095471,0.011227846663385103
CGGTC,0.011586884662565198,0.0034799280838272886,0.9826237697933347,0.0023094174602728695
GGCAA,0.00427087101027012,0.9843444595904912,0.006577730441472572,0.004806938957766093
GCAAA,0.9651480990654527,0.011426216131653028,0.01648751973175841,0.00693816507113583
CAAAG,0.8644026391069703,0.04871867552336445,0.0769428728074265,0.00993581256223869
ATATC,0.6755479105583854,0.060860620190960495,0.1532815193380554,0.11030994991259876
ATCAA,0.0148424871583031,0.9203994396350443,0.014928697151478142,0.049829376055174394
TCAAC,0.8649873220768743,0.08328531089725119,0.033121074165850285,0.018606292860024205
CAACT,0.8622356518966174,0.051343226699644556,0.054534070669124454,0.03188705073461356
AACTG,0.004220641325122107,0.8154985543231456,0.019771877092964373,0.160508927258768
CCACT,0.6188933179742597,0.2250076657246803,0.10105496946141032,0.05504404683964961
CACTG,0.016569987542731767,0.8625186441758098,0.06674804606002856,0.05416332222142984
GGGAT,0.054820472425242545,0.054673400404821965,0.8794449817697167,0.011061145400218696
GGCTA,0.03126300313462232,0.8931177009070986,0.03372724162482547,0.04189205433345354
GCTAT,0.04547809933515839,0.07198214052926606,0.02135803676183027,0.8611817233737453
CTATG,0.866088412125564,0.053429179297226494,0.01713811003975901,0.06334429853745054
TATGC,0.002987114538745463,0.046788543815035076,0.0032540962438241225,0.9469702454023954
ATGCA,0.1306989373206603,0.05477762800194713,0.763749154691549,0.050774279985843516
CCATG,0.8565432453449561,0.04640830801326402,0.04455665482942062,0.05249179181235934
CATGA,0.0005620182402992094,0.002274756319786711,0.0009889519777371845,0.9961742734621769
GAACA,0.897008027509673,0.023607393481615883,0.07483722029969198,0.004547358709019158
AACAC,0.020722644010315244,0.8616337383460672,0.022732481636591226,0.09491113600702641
TCCAT,0.015613698449987745,0.9331829946977984,0.013103073124951431,0.0381002337272624
CCATA,0.906428907973745,0.03008094126606745,0.03493958626806176,0.02855056449212579
CATAA,0.019131058969806894,0.11331867793807561,0.01136327221221696,0.8561869908799006
ATAAG,0.8513263990053167,0.04035333525094412,0.0665008861217559,0.04181937962198324
TAAGC,0.8856135943987777,0.005783055740409219,0.09388795680985275,0.01471539305096025
AAGCA,0.2019145509491323,0.1207361430303469,0.6710639812284733,0.006285324792047436
ATATG,0.7988530634214648,0.05953021736754987,0.06489864140222508,0.07671807780876026
ACTAT,0.01614685480049826,0.030265682922819826,0.007100291061826244,0.9464871712148557
AGTTT,0.002464116708933567,0.012653925592825957,0.0019739078145833877,0.9829080498836571
GTTTC,0.009785235442218829,0.05059075420378366,0.013856307950535395,0.9257677024034621
TTTCA,0.00399820722057369,0.015570907517309595,0.05822514836795252,0.9222057368941642
TTCAG,0.005723603269260211,0.9815610699061683,0.010988838696944152,0.0017264881276273147
TCAGG,0.9291882473456962,0.010696198290140064,0.04178673661838339,0.0183288177457804
AGGGT,0.059795306142198176,0.006022847189261176,0.928698152594156,0.005483694074384697
GGGTC,0.022837524882846617,0.014727603390677217,0.956165242575216,0.006269629151260214
CACGT,0.01768175227474906,0.921365479851222,0.023485777127126777,0.037466990746902205
ACGTC,0.029376950298973206,0.026548472011575407,0.9323614525042274,0.011713125185223924
CGTCC,0.009155088827966482,0.016201229806545543,0.018013413255270047,0.9566302681102179
GTCCA,0.0046968647170333375,0.9843216795902858,0.00283168653420624,0.008149769158474594
CAGCA,0.19988624920288267,0.1344376845065013,0.6514892244510047,0.014186841839611376
CTGAC,0.013266950528523261,0.001776918571302841,0.983757355775213,0.001198775124960926
TGACG,0.9656271887076155,0.012058401453669192,0.020515281974926493,0.0017991278637887152
ACGAC,0.0007282631413940851,0.0002824877207649702,0.9982495558574563,0.0007396932803845752
TCGGA,0.007833067249808843,0.00834613938127486,0.9812355075802671,0.002585285788649151
CGGAG,0.001763726572930918,0.006695567606771391,0.990133021247136,0.0014076845731616858
GGAGA,0.9808402547654019,0.006542511604779959,0.012149444050076385,0.00046778957974176705
GAGAC,0.005752424164540765,0.0046439881536752756,0.9885178562184577,0.0010857314633262525
AGACC,0.9795392120397127,0.006566335727160882,0.009211109839489572,0.0046833423936368055
CTGTC,0.012462950426848023,0.007767662337558049,0.9757751401078142,0.003994247127779772
TGTCC,0.007304769392033543,0.0033714320270924044,0.007934708111594904,0.9813890904692791
GTCCC,0.0026909240096993246,0.9925871381379696,0.000292218285123767,0.004429719567207302
TCCCT,0.0122626537543775,0.9524581852177159,0.008360129223415525,0.026919031804491154
CCCTC,0.0033325669758931024,0.9586108961522812,0.01578164469976799,0.02227489217205764
ACCTG,0.02198072082028612,0.8449319242340517,0.04062864554552711,0.09245870940013508
CCTGC,0.00029142585103022377,0.0007719448115075392,0.00033591834737071595,0.9986007109900915
CTGCA,0.058471525900864144,0.03102586187053227,0.8955373096742298,0.01496530255437376
TGTCT,0.0013165555728321947,0.006116308605166119,0.001827288338155029,0.9907398474838467
TCCGG,0.0066570188133140374,0.9876632541852031,0.0016990941737685587,0.003980632827714352
CCGGC,0.0015825562608927958,0.000475784599335937,0.9963896345109214,0.001552024628849848
CGGCA,0.06397054421361432,0.0397786671210607,0.8777902633796785,0.018460525285646522
AGGGG,0.006387648225838945,0.004854445545078387,0.9873240391140753,0.001433867115007376
GGATT,0.9281637792430165,0.03691752174213775,0.031327593775982224,0.0035911052388635507
GATTG,0.001432430220184988,0.002083021679796101,0.0015001707626173817,0.9949843773374015
ATTGG,0.014207804564387716,0.030829844456808916,0.010927529044971213,0.9440348219338321
TTGGG,0.0023000707714083512,0.0005001633186346562,0.9948305115502568,0.0023692543597002196
GGGAG,0.03289695911154318,0.03797314903848983,0.9232957454396089,0.005834146410358111
GAGTA,0.14324073031716847,0.17805129231449168,0.6541333633532215,0.02457461401511835
AGTAT,0.029935093383795804,0.08867502880852364,0.012031470320777848,0.8693584074869027
CTACT,0.8458597163664239,0.05207205825986968,0.00933384438482177,0.09273438098888463
TACTA,0.015432437259700501,0.7764610157311633,0.031358399162731525,0.1767481478464047
ACAAC,0.9616142355704521,0.008552822570003431,0.02608139135942572,0.0037515505001187617
CAACC,0.8821685839579209,0.02561382339324784,0.08563361043287186,0.0065839822159594755
ACCCG,0.009568053952022284,0.9298440449355838,0.02126926530687045,0.039318635805523486
CCCGT,0.005370844780113659,0.9799875772174821,0.003873621364713735,0.010767956637690475
CTCAA,0.004692697540138527,0.9585117935350396,0.023128213284876836,0.013667295639945029
TCAAG,0.8631586820343333,0.04663739251178536,0.08318311449981193,0.007020810954069349
CAAGA,0.8891205840634776,0.017424648247698776,0.08242422754329289,0.011030540145530787
AGTCG,0.003641827176827423,0.0353239642784256,0.010045813130282409,0.9509883954144646
GTCGA,0.0025199937232874016,0.9938070655570715,0.0032035170867542747,0.0004694236328867825
TCGAG,0.0034092292706684527,0.003913849317477711,0.9907044387623957,0.0019724826494581763
CGAGT,0.9071600250677977,0.03904606561481886,0.044472706232856075,0.009321203084527425
TCAGT,0.8763430862438959,0.04089788267497778,0.046772315966036516,0.0359867151150898
CAGTA,0.17740684130778592,0.1347406741841258,0.6362111210209245,0.05164136348716385
AGTAG,0.020389957722803623,0.055273454923273097,0.02671841847952521,0.897618168874398
GTAGA,0.6640894805059117,0.05601426582668094,0.19400338290981073,0.08589287075759672
TAGAC,0.0074350375797209,0.007718210680787194,0.9814821531199259,0.003364598619566006
AGACA,0.9900768155046713,0.003763084162860215,0.004173736965164804,0.001986363367303651
AAGAA,0.03269161407181383,0.047020381390881084,0.9108797911275075,0.009408213409797556
AGAAC,0.9532343421930807,0.008949878576045525,0.03407857861699421,0.0037372006138796173
CCAGT,0.9564467312763731,0.00615881261493776,0.02003842572466501,0.017356030384024113
CAGTT,0.12634649267307443,0.09451680250963315,0.7439586884588388,0.03517801635845354
GTTCT,0.005217275389937953,0.0036941815098377796,0.003454732390924138,0.9876338107093001
CTCCC,0.01053772108887762,0.9585936992107761,0.0013288086229538037,0.029539771077392484
GAAGC,0.7738761050073434,0.03969600867633916,0.1712578695210843,0.015170016795233124
AAGCT,0.17264355956199506,0.1465118334958457,0.6216672318314903,0.05917737511066895
AGCTC,0.018011315820341867,0.6088264028460383,0.11408163859754365,0.2590806427360762
GCTCT,0.004852243141595101,0.0064518218441058485,0.011856032284454658,0.9768399027298444
TCTGT,0.011326192356885777,0.02618739940444124,0.008107134476638696,0.9543792737620342
TGTGA,0.0007490064929798532,0.015621794657723115,0.0017198524886575608,0.9819093463606394
GTGAC,0.012387261105682201,0.02061206072548046,0.9560858978261217,0.01091478034271556
GACCG,0.005851883079209119,0.9615912781063607,0.020258979913543505,0.012297858900886686
CCGCC,0.004388793839062664,0.0012213181627458202,0.9926458049183274,0.0017440830798640878
CGCCG,0.005776974342661629,0.96612952029234,0.008222451528811165,0.019871053836187164
GCCGC,0.002498138778264645,0.989232000321941,0.002816984248105114,0.005452876651689184
CCGCA,0.045315170056777467,0.004509812028002867,0.9327386858497326,0.017436332065487017
CGCAG,0.0074208492036416905,0.9368611156589366,0.032451519979459054,0.02326651515796261
CAGAC,0.014179225936655708,0.00785000488265356,0.9756956696288098,0.0022750995518809065
GGCAC,0.023512832747084475,0.9143188971863754,0.04775431549435389,0.014413954572186282
CACCC,0.0060783760335329845,0.9454984477406002,0.017370148536067817,0.03105302768979899
CAGCG,0.056958861601781346,0.004115787355314494,0.9336410436182575,0.005284307424646685
AGCGT,0.0019085245403434128,0.9404588968241908,0.019328369548700805,0.03830420908676493
GCGTC,0.02365792691111861,0.037690876043491986,0.9313662534420271,0.007284943603362393
GTCTG,0.001754669276174821,0.9864061336296346,0.005539982597922838,0.006299214496267713
GCATG,0.9235820753630395,0.023223926329895662,0.015603889728856134,0.03759010857820867
CATGC,0.0008906654347426075,0.00397961061281697,0.0026778688235777736,0.9924518551288627
GTCCG,0.002229403382253908,0.9867188223863778,0.0030503538731419264,0.008001420358226354
TCCGC,0.00096707545707658,0.9960544175281039,0.0010537493280640175,0.0019247576867555067
CGCCA,0.007816310033603453,0.9540359064399229,0.01687308729670458,0.021274696229769147
GCTCC,0.0041182628606004764,0.021867662074679668,0.008549811083339923,0.96546426398138
AGGCA,0.05250495692602215,0.0072117576006199,0.9345044783262683,0.005778807147089658
GCAAG,0.9470317193845063,0.023895770543452956,0.02549448762841775,0.0035780224436230525
TGGCA,0.046010927735580215,0.0013837310625184653,0.9168714214657826,0.035733919736118745
GGCAT,0.0013731645569620254,0.9821974683544303,0.007712405063291139,0.008716962025316456
GCATT,0.8568530493216686,0.044276446473099196,0.03113773720468281,0.06773276700054942
CATTT,0.020548965106467466,0.049684816598004666,0.009520027795701594,0.9202461904998263
ATTTA,0.06676205522600133,0.029987778340835245,0.008237199550878866,0.8950129668822846
TTTAT,0.0038407017458836645,0.03837672801289119,0.006415304651247319,0.9513672655899779
AATAC,0.08527931403838587,0.0717767673676387,0.04502306212565033,0.7979208564683251
ATACT,0.8219405689653326,0.042217336014798865,0.018102411744365554,0.11773968327550295
TGCAG,0.03452646205410316,0.8655117912102602,0.031620231582579636,0.068341515153057
AGACT,0.9589992895640304,0.020031690651629724,0.01714717183251565,0.003821847951824258
GACTC,0.008050298119397151,0.9292996061570071,0.037197135352448035,0.02545296037114765
ACTCC,0.008233872059838934,0.009399988965775513,0.016787067888902076,0.9655790710854835
CTCCG,0.0039049482930349788,0.976552819902901,0.0012565427675607604,0.018285689036503256
CGTGA,0.001172218511653045,0.013529769560097212,0.0033069757395053907,0.9819910361887444
GTGAA,0.017185580502379793,0.009846347591503126,0.9621451919574786,0.010822879948638488
GCCGA,0.002565223444660188,0.9880126142823138,0.002652053301555602,0.006770108971470404
CCGAT,0.0027001466783527447,0.00039380276429963346,0.9958466232354173,0.0010594273219303714
GATTC,0.008779315797170329,0.019645354257302673,0.00953563137498629,0.9620396985705407
ATTCA,0.002400786253361542,0.004111615327087134,0.005806450189614131,0.9876811482299372
TTCAC,0.002217505313499988,0.973711839673482,0.0014620556325425766,0.02260859938047544
CCAGA,0.9821539297407238,0.012030684152378568,0.004473257403925197,0.0013421287029724768
AGAGA,0.9646722057165056,0.005574891138246994,0.027877428702241056,0.001875474443006388
CAATT,0.9042050560421797,0.03548670083673624,0.03832443456847299,0.021983808552611072
AATTC,0.014453364458023353,0.10123926615042837,0.01752921617764613,0.8667781532139022
ATTCC,0.008418656135754102,0.017115874596686783,0.03017898153006117,0.9442864877374979
CACGC,0.009151661930527575,0.9077079488810283,0.008698151809184245,0.07444223737925978
ACGCT,0.20287988095798928,0.09849313087960805,0.631851048034296,0.06677594012810661
CGCTG,0.03248781812382542,0.7335928755593983,0.14785072142821415,0.08606858488856206
GCTGT,0.011060701478367803,0.017869270534843298,0.006235831370335747,0.9648341966164532
CTGTA,0.08353629583092871,0.06207754701497807,0.8135842422205826,0.040801914933510604
GTATC,0.7900169430286278,0.04820475807950946,0.01807212538542759,0.1437061735064352
TATCT,0.0015413206505402635,0.030744830821362683,0.003931484557899803,0.9637823639701972
TCTGC,0.0004700625900289367,0.0013703519573724935,0.0013740699665591631,0.9967855154860394
TGCAA,0.006035120940004503,0.9234201327904241,0.054434215183369536,0.016110531086201866
CAAAT,0.8722900971898311,0.04182241359354961,0.07594826976234624,0.009939219454273077
AAATG,0.9430471711629383,0.020374074059732586,0.015290841080963869,0.021287913696365166
ATGAA,0.017714554087708865,0.017282817576243288,0.9570878898339409,0.007914738502106977
TGAAC,0.8931365022359284,0.021883471479442904,0.0791449254618244,0.005835100822804301
AACAG,0.008696053465534162,0.900382492816293,0.01841866639566675,0.0725027873225061
GAGAG,0.019242333132892364,0.04925144710628576,0.9282094641360163,0.0032967556248055113
CGGCT,0.004766590485864229,0.016792841120704248,0.9671417386152023,0.011298829778229219
