Length,Base,A,C,G,T
0,T,0.16940029106419394,0.39025137900329543,0.23279850358164553,0.2075498263508651
0,A,0.2485805695746215,0.23891492429704397,0.3452659903182614,0.16723851581007312
0,G,0.21895263758136937,0.17730823734145781,0.4468711531473306,0.1568679719298422
0,C,0.16622244723761068,0.4157238335927519,0.23909186764632043,0.17896185152331698
1,T,0.15356930224620752,0.36103166971382883,0.2228892849507261,0.2625097430892376
1,A,0.243290854112718,0.23935226662311437,0.3150388524851713,0.20231802677899635
1,G,0.16519040124627776,0.18225983731387366,0.5086767709710087,0.1438729904688398
1,C,0.16513416270142087,0.34231655811506984,0.2865336716223951,0.20601560756111414
2,A,0.2456892433819527,0.24964840755840434,0.3191737299903354,0.18548861906930758
2,G,0.20044174109687202,0.16961953100521876,0.49386906660999796,0.1360696612879113
2,T,0.18558922280282789,0.33802382584982543,0.2319582042733628,0.24442874707398388
2,C,0.15908689531287057,0.40802743812114034,0.2541421370219287,0.17874352954406036
3,T,0.20678787967797285,0.32007382440268567,0.250238044534522,0.2229002513848195
3,G,0.19932770019370116,0.17033072045065117,0.49875109366103154,0.13159048569461612
3,C,0.16024389829589897,0.4060908244509821,0.2653583044894532,0.16830697276366569
3,A,0.2520072828601693,0.2456598894957939,0.3341274874249203,0.16820534021911646
4,C,0.1555928649568494,0.4011448583930959,0.2646981736963656,0.17856410295368907
4,T,0.17558558531528748,0.3547745417778031,0.21691484222874957,0.2527250306781598
4,A,0.24602382738000309,0.25104289271088837,0.33352269057752204,0.1694105893315865
4,G,0.20374877195916186,0.17116500389688338,0.49204796899215547,0.1330382551517993
5,A,0.23384945215799893,0.2654728133705623,0.3126354871644577,0.18804224730698108
5,C,0.15564668657801903,0.4047603209763215,0.25902607322854376,0.1805669192171158
5,G,0.20147125917520212,0.17118289632077646,0.4880145351156239,0.13933130938839755
5,T,0.18986619414188083,0.3280488473639835,0.22807318193346723,0.2540117765606685
6,T,0.20952278568845714,0.3058217605035036,0.25898576077714686,0.22566969303089238
6,G,0.1993640243261243,0.1704822286094851,0.49597339549230607,0.13418035157208455
6,C,0.155782604553682,0.39986292379833394,0.2785187302192161,0.165835741428768
6,A,0.24794324710705903,0.25392757917776126,0.32626555329061196,0.17186362042456774
7,A,0.23792495912818898,0.25610356157301484,0.33028504828655847,0.17568643101223774
7,G,0.2139159433508016,0.16619365588083185,0.48426198853054997,0.13562841223781658
7,T,0.18246501382386737,0.3310628070228257,0.23122487995062546,0.25524729920268147
7,C,0.15855688694027356,0.39215376161927107,0.2742172430716453,0.17507210836881004
8,A,0.23564344363373357,0.2660899011536234,0.3019511559788618,0.19631549923378125
8,G,0.20894095791222309,0.162529007469027,0.4926514411798273,0.13587859343892264
8,T,0.20051421576110218,0.30468331432710466,0.2444979212872754,0.25030454862451773
8,C,0.16159524575796033,0.3839888430764124,0.272836574954002,0.1815793362116253
9,C,0.16853854597522383,0.3704058837592512,0.2887124263823158,0.17234314388320912
9,A,0.23963695847910207,0.25015636491102666,0.3271291402335508,0.18307753637632052
9,T,0.2137691702501428,0.2861571843756848,0.27416196952877736,0.225911675845395
9,G,0.2022000703927078,0.1616646085747863,0.5055469056041743,0.13058841542833166
10,G,0.21943257770953575,0.16499709865296308,0.48387065962065184,0.1316996640168493
10,T,0.18778695405452303,0.3156858055348425,0.2403215292335542,0.25620571117708024
10,C,0.17497759336099586,0.3635618257261411,0.27925311203319503,0.18220746887966804
10,A,0.24120841617948185,0.26559803967288315,0.31133759257924615,0.18185595156838888
11,C,0.17390080220532927,0.36968680794557274,0.2726405540217423,0.18377183582735565
11,T,0.20667842800436406,0.29556164256366213,0.25441050163652823,0.24334942779544558
11,G,0.20506234280515867,0.16834603483390467,0.48436944210980265,0.142222180251134
11,A,0.2352458588075456,0.2865339394889481,0.279824423890892,0.1983957778126143
12,T,0.22389999644873754,0.2848467630242551,0.2712312226996697,0.22002201782733763
12,A,0.25098119939618496,0.2713256484149856,0.29259640455605873,0.18509674763277068
12,C,0.18301159108249632,0.36457560333204425,0.2782068835770352,0.17420592200842416
12,G,0.20818384160520895,0.17080675702611123,0.47909607335060794,0.14191332801807188
13,G,0.21989040579193864,0.1712907180201796,0.467037917919596,0.1417809582682858
13,C,0.18236332990860682,0.36707024718467335,0.2672965477413593,0.18326987516536056
13,A,0.2509142776584541,0.27255010904989757,0.29608498428520486,0.18045062900644349
13,T,0.19987484711437267,0.31866579438897896,0.23614074010865546,0.2453186183879929
14,C,0.18528582675165706,0.3719260820614403,0.256867376048624,0.18592071513827868
14,G,0.21410737440339891,0.17904240350925593,0.4541548266063398,0.15269539548100533
14,A,0.24463569536494292,0.2927309283943788,0.2656673865171647,0.1969659897235136
14,T,0.2161718544077828,0.29476673136366904,0.25340857355090696,0.2356528406776412
15,C,0.18480768199130948,0.3759776836006652,0.26514671959658814,0.17406791481143716
15,G,0.21747818435139693,0.1878437339590819,0.44605668402141235,0.14862139766810883
15,A,0.26492312742791485,0.26775455490507194,0.27221371122175414,0.19510860644525907
15,T,0.22170927856271228,0.2898246026728612,0.26715379978534776,0.22131231897907877
16,T,0.20907177033492824,0.3231387559808612,0.22912918660287082,0.2386602870813397
16,C,0.1891327776489366,0.3581435957600644,0.26138084389452,0.191342782696479
16,A,0.26245584524810767,0.28052144659377626,0.2758452481076535,0.18117746005046256
16,G,0.22491958416857022,0.1864365297655121,0.4349913756934409,0.15365251037247682
17,G,0.22789022193729586,0.1883108953811399,0.4286106786335745,0.15518820404798975
17,T,0.21517993028621926,0.30271490991212135,0.24517649369139377,0.2369286661102656
17,C,0.20189323135492943,0.3680311422838818,0.24016943048719838,0.18990619587399035
17,A,0.260054657743539,0.28071270254567365,0.25146865787265177,0.2077639818381356
18,C,0.19017370161873262,0.36762096685869494,0.25954482728407774,0.18266050423849473
18,G,0.22554829250412364,0.18765145498605088,0.4329932596167552,0.15380699289307023
18,A,0.2835207902719244,0.2624218183770435,0.2818833382546372,0.1721740530963949
18,T,0.2232230446802818,0.28591813074110406,0.2674276881001219,0.22343113647849222
19,G,0.2390062960613012,0.18619747181414417,0.410830201571575,0.16396603055297965
19,T,0.21031400775132483,0.3229455034406391,0.22075456774499724,0.24598592106303885
19,C,0.18249810919073364,0.37438023474046894,0.25516120899745093,0.18796044707134654
19,A,0.2769407085313648,0.2773114908821249,0.27336771496949475,0.17238008561701554
20,A,0.26137610806247363,0.2747150696496412,0.26276910088645,0.2011397214014352
20,T,0.21721010051483206,0.314635940181417,0.22799705810247609,0.24015690120127484
20,C,0.19210480951560077,0.3719358731253232,0.24461299775900708,0.19134631960006895
20,G,0.23860211606284065,0.1947739660147483,0.41250400769477397,0.15411991022763707
21,C,0.18893428372739918,0.3584405424200278,0.25013038942976357,0.20249478442280947
21,A,0.2646453708716838,0.2885760693015701,0.2654574986464537,0.18132106118029237
21,G,0.22167162206805419,0.20449289725801123,0.4182771721176082,0.1555583085563264
21,T,0.22440568629793334,0.28694301756062596,0.25707800740652254,0.23157328873491817
22,C,0.18657082176115014,0.3724336981974623,0.2407014104449164,0.20029406959647117
22,T,0.22355064290548163,0.32415971125648546,0.22189638318670576,0.23039326265132717
22,G,0.2437092731829574,0.20080200501253131,0.4088220551378446,0.14666666666666667
22,A,0.2832242507750603,0.2898380985187737,0.2513262142611092,0.17561143644505683
23,T,0.224189082278481,0.3135878164556962,0.2288370253164557,0.23338607594936708
23,G,0.22464283405520719,0.20221087335962248,0.4167043764949253,0.156441916090245
23,C,0.19739638682252922,0.3742029755579171,0.24714399574920298,0.1812566418703507
23,A,0.25947619446071457,0.3061668479625136,0.24215546816166011,0.1922014894151117
24,A,0.29972929074174337,0.27222523010286953,0.2517596101786681,0.176285868976719
24,T,0.22602239532619278,0.2883398247322298,0.2381937682570594,0.24744401168451802
24,G,0.24005843207271546,0.1940431748092842,0.4060217497159552,0.15987664340204513
24,C,0.19091804894071276,0.3699293808507144,0.2591558548201675,0.1799967153884053
25,G,0.23115119578435347,0.19112282124037291,0.4257194973652209,0.1520064856100527
25,C,0.18307741866208527,0.37023515515945454,0.24975840223343712,0.1969290239450231
25,T,0.20957901159243442,0.31009762050030504,0.21766320927394753,0.262660158633313
25,A,0.2878418282192836,0.29207857234561563,0.24714340736936705,0.17293619206573374
26,T,0.1901953556948028,0.3317360855141909,0.22410615554736454,0.2539624032436417
26,G,0.2239314083974278,0.20199218257470686,0.4169713781364267,0.15710503089143865
26,A,0.2715863453815261,0.2898259705488621,0.24414323962516735,0.19444444444444445
26,C,0.18404170008019247,0.37623630045442397,0.2530072173215718,0.18671478214381182
27,A,0.2883435582822086,0.2679666958808063,0.2633654688869413,0.18032427695004383
27,G,0.22125040492387432,0.19031422092646583,0.42468415937803694,0.16375121477162294
27,C,0.2,0.3507593924860112,0.2660271782573941,0.18321342925659473
27,T,0.2252670692057594,0.2851834649326521,0.25034835113794707,0.23920111472364142
28,A,0.2758797842281017,0.31081428204469563,0.2468533264834318,0.16645260724377087
28,T,0.19205495818399043,0.32616487455197135,0.23655913978494625,0.245221027479092
28,C,0.2048618784530387,0.3703867403314917,0.24972375690607734,0.17502762430939225
28,G,0.2387308957245115,0.1882375701296189,0.4221319404140066,0.15089959373186304
29,A,0.29320066334991707,0.28258706467661693,0.25406301824212274,0.1701492537313433
29,C,0.1923469387755102,0.3489795918367347,0.2344387755102041,0.22423469387755102
29,G,0.23101979453770985,0.17815083938862442,0.41292909045352044,0.17790027562014532
29,T,0.22928399034593724,0.28640386162510056,0.21962992759452937,0.26468222043443285
30,A,0.2917348608837971,0.28682487725040917,0.2430441898527005,0.1783960720130933
30,G,0.2327955218966085,0.18966084952255516,0.42245637141916365,0.1550872571616727
30,T,0.19819043515725981,0.26238690219732874,0.23093494183541577,0.3084877208099957
30,C,0.17414529914529914,0.37606837606837606,0.25783475783475784,0.19195156695156695
31,C,0.17880794701986755,0.3655629139072848,0.26269315673289184,0.19293598233995585
31,G,0.24246128769356154,0.17318663406682966,0.4421352893235534,0.1422167889160554
31,T,0.19785759294265912,0.3257718966603655,0.21865154379332072,0.2577189666036547
31,A,0.3048245614035088,0.27028508771929827,0.24671052631578946,0.17817982456140352
32,T,0.1926163723916533,0.29213483146067415,0.27447833065810595,0.24077046548956663
32,A,0.2690391459074733,0.26476868327402137,0.2711743772241993,0.19501779359430604
32,G,0.21746031746031746,0.18888888888888888,0.44232804232804235,0.15132275132275133
32,C,0.19242155121373594,0.36471284783895797,0.24156305506216696,0.20130254588513913
33,A,0.3087512291052114,0.2694198623402163,0.2536873156342183,0.168141592920354
33,G,0.22570123939986952,0.19569471624266144,0.3998695368558382,0.17873450750163078
33,T,0.21948608137044967,0.284796573875803,0.2505353319057816,0.24518201284796573
33,C,0.19952305246422894,0.3744038155802862,0.246422893481717,0.17965023847376788
34,A,0.2579881656804734,0.33254437869822484,0.21775147928994082,0.19171597633136095
34,C,0.16361679224973089,0.38428417653390745,0.2303552206673843,0.2217438105489774
34,G,0.27102803738317754,0.1822429906542056,0.4205607476635514,0.1261682242990654
34,T,0.17897727272727273,0.29829545454545453,0.2897727272727273,0.23295454545454544
35,C,0.1978021978021978,0.3901098901098901,0.23214285714285715,0.17994505494505494
35,A,0.30687830687830686,0.2751322751322751,0.23985890652557318,0.1781305114638448
35,G,0.22727272727272727,0.13360881542699724,0.45179063360881544,0.18732782369146006
35,T,0.20948616600790515,0.31620553359683795,0.22924901185770752,0.2450592885375494
36,T,0.23013698630136986,0.3095890410958904,0.21095890410958903,0.2493150684931507
36,A,0.2536231884057971,0.3164251207729469,0.2632850241545894,0.16666666666666666
36,G,0.2435129740518962,0.20958083832335328,0.4231536926147705,0.12375249500998003
36,C,0.185589519650655,0.4344978165938865,0.2336244541484716,0.1462882096069869
37,C,0.24522292993630573,0.37261146496815284,0.24522292993630573,0.13694267515923567
37,A,0.34156378600823045,0.2839506172839506,0.20164609053497942,0.1728395061728395
37,T,0.13705583756345177,0.5076142131979695,0.15736040609137056,0.19796954314720813
37,G,0.19795221843003413,0.20819112627986347,0.4197952218430034,0.17406143344709898
38,A,0.25,0.5583333333333333,0.08333333333333333,0.10833333333333334
38,C,0.2838709677419355,0.3548387096774194,0.1935483870967742,0.16774193548387098
38,G,0.21052631578947367,0.20300751879699247,0.49624060150375937,0.09022556390977443
38,T,0.17045454545454544,0.4318181818181818,0.19318181818181818,0.20454545454545456
