Length,Base,A,C,G,T
0,C,0.2005906465386693,0.35253833315808064,0.23878045689727226,0.2080905634059778
0,G,0.2291203457353832,0.2096469710250845,0.3986157631371129,0.1626169201024194
0,T,0.14789060903511306,0.39900713817620653,0.24892504562654585,0.20417720716213456
0,A,0.26609132520359063,0.22081299951160968,0.3219135814154233,0.1911820938693764
1,C,0.184417650999806,0.3217302585538609,0.2945694971006058,0.19928259334572734
1,G,0.17394035511777547,0.1993910992855289,0.46111888690911235,0.16554965868758328
1,A,0.26545077434963804,0.23018852890470695,0.2770756771635672,0.22728501958208783
1,T,0.13395881908884352,0.3432176444994812,0.2326494639490389,0.2901740724626363
2,T,0.15775981068822717,0.3601957789451895,0.23920943717227788,0.24283497319430547
2,C,0.18467313057521806,0.36511389391357285,0.2643862679749587,0.18582670753625044
2,A,0.26345234970902015,0.24233183781779705,0.2908368082893496,0.20337900418383315
2,G,0.21018189561013695,0.19828159317369,0.4431660009384599,0.14837051027771314
3,T,0.1705303062990146,0.33415858156492656,0.2507837130516678,0.24452739908439106
3,A,0.2596997754810458,0.25508807337616274,0.29071422148445136,0.1944979296583401
3,G,0.22030477631198417,0.18678561099864296,0.4442641987942426,0.14864541389513025
3,C,0.1853497429824248,0.35597061781205813,0.2703610497138861,0.18831858949163097
4,T,0.16919412770048334,0.3427594333324432,0.23124515982588725,0.2568012791411862
4,A,0.24337877758939797,0.25988074573542463,0.31275262277019855,0.18398785390497888
4,C,0.1939400899018467,0.3661102949097844,0.2547333428830862,0.1852162723052827
4,G,0.23222330304723665,0.1845263966049611,0.43912474856035094,0.14412555178745132
5,C,0.18477853277129902,0.35849899605068947,0.26350278579312,0.19321968538489157
5,A,0.22252143073856126,0.27020643102139047,0.2895570894991524,0.2177150487408959
5,G,0.22349150192107367,0.18520236025701783,0.4281511659339404,0.1631549718879681
5,T,0.16928172909125694,0.3348278387712073,0.2273123445504985,0.2685780875870372
6,A,0.23845369947117462,0.25656838035168356,0.29148511446700187,0.21349280571013995
6,T,0.1804902043795032,0.3038396251900056,0.26444949782073146,0.2512206726097597
6,C,0.18764603742845506,0.3568167132659405,0.26803055034099643,0.18750669896460803
6,G,0.22500023178286052,0.1845349177568187,0.43149094656146814,0.1589739038988526
7,G,0.2391566021246839,0.18696888523798888,0.4176546331869809,0.15621987945034635
7,T,0.18819218280101108,0.3028505100988541,0.2500395704329725,0.2589177366671623
7,C,0.2010552359813127,0.3481601131054742,0.26453971236486773,0.18624493854834545
7,A,0.23331991745746664,0.26474098441509497,0.29508025097769164,0.20685884714974676
8,A,0.21534971644612477,0.2819216478717163,0.26682484844534254,0.23590378723681638
8,T,0.1785702148868927,0.3049875961440433,0.24925803418706602,0.267184154781998
8,C,0.19954075323460913,0.33105093662744206,0.26915749411194084,0.20025081602600797
8,G,0.23824732118855735,0.18610240278571466,0.4056073901193293,0.1700428859063987
9,A,0.21696379607269647,0.284763178402717,0.2743500194024059,0.22392300612218063
9,T,0.20426964903608502,0.2646224666337123,0.2733193277310924,0.2577885565991102
9,C,0.22298105009303437,0.3149135663870438,0.25941518279435766,0.20269020072556418
9,G,0.23082968842868867,0.18692536962489958,0.4137730586936691,0.16847188325274265
10,G,0.24654128393287833,0.17962487812387745,0.405816698311695,0.16801713963154924
10,C,0.2360453669741164,0.30200356723987254,0.245899136130162,0.21605192965584907
10,T,0.19463587598872625,0.28817892535685063,0.25030275479589054,0.2668824438585326
10,A,0.22530522865971275,0.2793333651758257,0.2703537823369695,0.22500762382749206
11,C,0.21872130237865425,0.3227654444492206,0.2517887776913728,0.20672447548075232
11,T,0.19857292179576888,0.29687027582691927,0.2495097658105925,0.25504703656671934
11,A,0.2214530834707129,0.303573831712815,0.23152524980654712,0.24344783500992498
11,G,0.24370221911298506,0.19214140306427926,0.37900760712687576,0.1851487706958599
12,A,0.22353363094282258,0.280175782295447,0.2595732836603826,0.2367173031013478
12,G,0.24569715528015207,0.18465965030721687,0.39744099788223286,0.1722021965303982
12,C,0.23293421384371088,0.2799660298742486,0.2776173141484689,0.2094824421335716
12,T,0.19249945047259356,0.2723557740343305,0.2917540914813261,0.2433906840117499
13,A,0.24227136042811506,0.2869583700619541,0.26210794150928063,0.20866232800065018
13,T,0.20003529181923027,0.2912394360871456,0.24870018969352836,0.2600250824000958
13,G,0.26715103224113934,0.20676392513972938,0.35614209044949063,0.1699429521696406
13,C,0.2361962468380493,0.3060180010588858,0.23388434613800813,0.22390140596505675
14,A,0.21241763562491667,0.2912067477387076,0.21939273158511513,0.2769828850512606
14,G,0.25491488456537503,0.19625983426308188,0.3493298020863917,0.1994954790851514
14,C,0.2312605891676231,0.3016204842323878,0.227721757665191,0.23939716893479807
14,T,0.2029323354395436,0.26913993006564013,0.2683807741856328,0.2595469603091835
15,C,0.2453394477120925,0.281485727577842,0.2450819127371814,0.22809291197288406
15,A,0.2442928005700348,0.30164341765098157,0.22704559364922763,0.227018188129756
15,T,0.21322567805765621,0.26860749417183144,0.29290303714594385,0.22526379062456847
15,G,0.25829133411970157,0.2020251535715927,0.35139171862314067,0.18829179368556503
16,C,0.25117160335809235,0.2738377190772301,0.2365681344043216,0.23842254316035597
16,A,0.23097913156725133,0.30455095143102257,0.24715500935410184,0.21731490764762426
16,T,0.19906299840510366,0.29353845472266527,0.25923710792131843,0.24816143895091264
16,G,0.26711570972110354,0.19232437312468467,0.3616006231136209,0.17895929404059088
17,G,0.2468553796044314,0.19961643131120493,0.3322690552210341,0.22125913386332954
17,A,0.22320055904961567,0.2995997712978845,0.21932532875929103,0.2578743408932088
17,C,0.23046013622776498,0.2985985201156466,0.2427108345175675,0.22823050913902093
17,T,0.21077054748722887,0.2895236566904705,0.25236031988017865,0.24734547594212203
18,T,0.18849191425347875,0.3041895449417074,0.2664309890936442,0.2408875517111696
18,C,0.2669320342205323,0.2668429182509506,0.23300855513307986,0.23321649239543726
18,A,0.24704215829885873,0.2732160391481416,0.22553643578062876,0.25420536677237093
18,G,0.26746674613279875,0.18830764229404276,0.34646330561048955,0.19776230596266897
19,G,0.2640578756987833,0.21451825057546858,0.3218020388030253,0.19962183492272279
19,C,0.23268070856403525,0.2747112658637289,0.21605114447171642,0.27655688110051946
19,T,0.18580595728378507,0.30815056029115984,0.2383679724164352,0.2676755100086199
19,A,0.2484175498245741,0.26601439577531016,0.2743154772669729,0.21125257713314283
20,C,0.2349553440867472,0.30678724888079006,0.2063170682324357,0.251940338800027
20,T,0.19556517745850555,0.26875724376216403,0.2810251700233987,0.2546524087559317
20,A,0.20879043102838135,0.2773727793899073,0.21395710949111757,0.2998796800905938
20,G,0.24128340933723236,0.21267458743174986,0.33338786527882863,0.21265413795218913
21,A,0.21588185957344835,0.3040678169182842,0.20515815959741193,0.2748921639108555
21,C,0.24303750464166357,0.2984722295899422,0.23571693809346983,0.22277332767492442
21,T,0.15460284061020516,0.26183587585481327,0.2958179905312993,0.2877432930036823
21,G,0.23821523111382611,0.21011504785176136,0.339925677051517,0.21174404398289554
22,A,0.2209836322957962,0.33583231934686186,0.23432900262982298,0.20885504572751895
22,C,0.19542632916278022,0.32810137982052684,0.21449937280885142,0.2619729182078415
22,G,0.25195915459510804,0.2107575397767751,0.3648777012586084,0.17240560436950844
22,T,0.22054234889181973,0.2747772380737929,0.26187795541544695,0.2428024576189404
23,T,0.15747110931246908,0.3417419848014749,0.2302261792346778,0.2705607266513782
23,A,0.18860529140030796,0.3517334702067099,0.21641547291306984,0.24324576547991228
23,C,0.20973871733966745,0.32596991290577987,0.18068091844813935,0.2836104513064133
23,G,0.2879564381806534,0.19908890312477756,0.32077016157733645,0.19218449711723254
24,C,0.1829148422839782,0.27531051738003753,0.25462425163077473,0.28715038870520954
24,A,0.25976161117961366,0.22323997416475838,0.253478950149727,0.263519464505901
24,T,0.22939190841935325,0.24362800254390685,0.2510151166772663,0.2759649723594736
24,G,0.2541741997234925,0.2241837711368712,0.31872806551100713,0.20291396362862915
25,T,0.22078067330276255,0.356503746784476,0.19198076277821272,0.23073481713454871
25,A,0.22239010989010988,0.2793269230769231,0.2489010989010989,0.24938186813186813
25,C,0.2527967082422528,0.29876559084479876,0.22245081651022244,0.225986884402726
25,G,0.2613094211645686,0.20273610392596425,0.334310513306892,0.20164396160257517
26,T,0.15355041192624558,0.35817967830521774,0.20431541781090623,0.28395449195763045
26,A,0.2423549149698772,0.30229543201403186,0.191946922900938,0.2634027301151529
26,C,0.19258046917621385,0.39961811238406986,0.21910801963993454,0.18869339879978178
26,G,0.2252271901126863,0.2589603780443475,0.3126135950563432,0.20319883678662304
27,A,0.19646943445570447,0.23406341941811049,0.3277759616432385,0.2416911844829465
27,C,0.37206436152002736,0.21068127353646013,0.1968503937007874,0.2204039712427251
27,T,0.21610859728506787,0.2741176470588235,0.23158371040723982,0.27819004524886876
27,G,0.2577903682719547,0.2395232978411644,0.33857575461561007,0.16411057927127087
28,C,0.21006060606060606,0.3433939393939394,0.236,0.21054545454545454
28,G,0.2779899497487437,0.19939698492462313,0.337286432160804,0.18532663316582915
28,A,0.4097328050391141,0.30681702732906635,0.14436655491212028,0.13908361271969927
28,T,0.17471675611210494,0.3191413237924866,0.20119260584376863,0.30494931425163985
29,A,0.3724155644022088,0.2533710029536407,0.1684859381019648,0.2057274945421857
29,T,0.15475587092414259,0.27437067072140564,0.2470011826322014,0.32387227572225036
29,C,0.17718572167615107,0.2691412312467667,0.29772374547335745,0.25594930160372475
29,G,0.2118579484834629,0.2328913275415333,0.30666057003505565,0.24859015393994818
30,A,0.19336914243378403,0.4663826634561956,0.1507686608631228,0.18947953324689756
30,G,0.20482614478434352,0.20501615048451455,0.34657039711191334,0.2435873076192286
30,T,0.17521067415730338,0.3279494382022472,0.23560393258426968,0.2612359550561798
30,C,0.18828748890860691,0.323868677905945,0.27684117125110913,0.21100266193433895
31,T,0.2432564982834723,0.21824423737126042,0.2731731240804316,0.2653261402648357
31,G,0.26495162708883024,0.18865435356200527,0.31464379947229554,0.23175021987686895
31,C,0.19179837676206749,0.3182400683468603,0.20461341307133704,0.28534814181973517
31,A,0.2621527777777778,0.4039351851851852,0.18171296296296297,0.15219907407407407
32,C,0.19224853891110427,0.30175330667486927,0.24238695785912026,0.26361119655490617
32,G,0.30899039860343325,0.17718940936863545,0.2903695082921152,0.2234506837358161
32,A,0.19686668637304167,0.25775938516109964,0.33609222583505766,0.20928170263080106
32,T,0.15839584535487594,0.2879399884593191,0.189267166762839,0.36439699942296594
33,A,0.1765492643780651,0.3223361569326795,0.277753009362461,0.22336156932679446
33,G,0.28391167192429023,0.18454258675078863,0.3797318611987382,0.15181388012618297
33,T,0.092456608811749,0.45994659546061417,0.21795727636849133,0.22963951935914553
33,C,0.19737382027082478,0.30857611817808783,0.1842429216249487,0.3098071399261387
34,G,0.33175355450236965,0.15781990521327013,0.2554502369668246,0.25497630331753557
34,T,0.15079773546062789,0.2485846628924344,0.2537313432835821,0.3468862583633556
34,A,0.23149394347240915,0.40107671601615075,0.18236877523553163,0.18506056527590847
34,C,0.18011409942950285,0.2962510187449063,0.1915240423797881,0.3321108394458028
35,C,0.28821243523316065,0.36139896373056996,0.17746113989637305,0.17292746113989638
35,T,0.145550972304066,0.5238656452563347,0.1585150265173836,0.17206835592221567
35,A,0.20245901639344263,0.32868852459016396,0.20573770491803278,0.26311475409836066
35,G,0.22534013605442177,0.21598639455782312,0.39540816326530615,0.16326530612244897
36,T,0.18703241895261846,0.2730673316708229,0.2506234413965087,0.2892768079800499
36,C,0.13667711598746082,0.5015673981191222,0.1341692789968652,0.22758620689655173
36,A,0.19123020706455543,0.19123020706455543,0.1851400730816078,0.43239951278928135
36,G,0.229957805907173,0.3227848101265823,0.3048523206751055,0.14240506329113925
37,A,0.2823275862068966,0.2974137931034483,0.2435344827586207,0.17672413793103448
37,G,0.31493506493506496,0.20616883116883117,0.2727272727272727,0.20616883116883117
37,C,0.4171597633136095,0.20414201183431951,0.1849112426035503,0.1937869822485207
37,T,0.11811023622047244,0.2866141732283465,0.14488188976377953,0.4503937007874016
38,T,0.11836734693877551,0.4204081632653061,0.1836734693877551,0.27755102040816326
38,A,0.5595505617977528,0.15280898876404495,0.1303370786516854,0.15730337078651685
38,G,0.3701923076923077,0.19230769230769232,0.30288461538461536,0.1346153846153846
38,C,0.2087378640776699,0.5,0.19902912621359223,0.09223300970873786
