Length,Base,A,C,G,T
0,T,0.14254022603198926,0.35843310027775116,0.206632506464898,0.29239416722536155
0,A,0.2506603224301408,0.2523941909620335,0.25863688885632796,0.2383085977514977
0,G,0.22365481162611683,0.1943245050374551,0.4020653696647305,0.1799553136716976
0,C,0.20112990548274,0.3898470807586188,0.19820320881017509,0.2108198049484661
1,G,0.21324234564474603,0.1979154503603457,0.40857268646574085,0.18026951752916742
1,A,0.22464489179998032,0.29494969376435953,0.24881569851007035,0.23158971592558977
1,T,0.1639492403997012,0.3071403109241217,0.2303435968112908,0.2985668518648863
1,C,0.18475273479683776,0.3723264115013973,0.2164030105434971,0.22651784315826787
2,T,0.16636113547659281,0.29926720315872246,0.23618118676759153,0.2981904745970932
2,A,0.23280588221124213,0.2824983244086544,0.26471650978219435,0.21997928359790908
2,C,0.19841070322130253,0.3440006055887996,0.2397673716605002,0.21782131952939768
2,G,0.2093906527193376,0.19501663097507813,0.4249578076228398,0.17063490868274445
3,A,0.22075378596340606,0.28458773367716234,0.2636035741511086,0.23105490620832309
3,T,0.18111880288091742,0.30606251311097127,0.22371862107544926,0.28910006293266205
3,G,0.20887116262791242,0.18329076530782307,0.4368427302423253,0.17099534182193926
3,C,0.18526012263698258,0.3543989881232738,0.2308808148084267,0.22946007443131688
4,A,0.21823230723153336,0.28497653313666527,0.25577755733410895,0.24101360229769245
4,T,0.17532860278345888,0.28862329775028683,0.24153863420960742,0.2945094652566469
4,G,0.203229206109537,0.18567524826295065,0.4315936072363477,0.17950193839116463
4,C,0.17630582826220564,0.35741835597770644,0.23296478261030862,0.23331103314977933
5,G,0.20185372488145784,0.1917658770926319,0.4299517612639901,0.17642863676192017
5,A,0.21505288403542094,0.2796198646872042,0.2544587999321187,0.2508684513452562
5,T,0.17119890155728587,0.28183745828698553,0.2568635289210234,0.29010011123470525
5,C,0.18213058902238138,0.35245768000404787,0.24029212181862136,0.22511960915494938
6,G,0.2000131153209304,0.19298598598151037,0.43729758812228847,0.16970331057527077
6,A,0.22942954491627368,0.2744173394708394,0.2491786825622759,0.24697443305061098
6,T,0.17912758839244883,0.27891859149731635,0.2463275113724798,0.29562630873775503
6,C,0.18087424056824813,0.3561991828144397,0.23489398784909196,0.2280325887682202
7,A,0.21367234424260229,0.2736855633599639,0.24699815876579606,0.26564393363163774
7,C,0.1779683187236495,0.3526911644271892,0.2301082077102733,0.23923230913888804
7,G,0.19567942118776804,0.20068770458603,0.42546766867102304,0.1781652055551789
7,T,0.17070683425308084,0.29263962508604524,0.24086413772803442,0.2957894029328395
8,C,0.18720599838743754,0.33942499644287694,0.2343001522017514,0.23906885296793415
8,T,0.17406956566781487,0.2737147445028619,0.256579731164694,0.2956359586646293
8,G,0.20341181557328722,0.1878401833757776,0.43280945179662333,0.17593854925431182
8,A,0.2223352892878994,0.2682257241311536,0.25657241945556625,0.2528665671253808
9,G,0.20464899345616952,0.19043771583098168,0.42555862829252666,0.17935466242032216
9,T,0.18726764951050484,0.28492330532451493,0.22090865393391054,0.3069003912310697
9,C,0.17670437013927165,0.3475620208498709,0.23737100691743124,0.2383626020934262
9,A,0.22066976044149003,0.2553654297539911,0.23498951819533784,0.288975291609181
10,C,0.17162454963814947,0.35233438860061567,0.23292995897570387,0.24311110278553097
10,A,0.21310018395651184,0.2820570058494037,0.23062359190591347,0.274219218288171
10,T,0.18452519032455345,0.28419339645852226,0.218186099805282,0.3130953134116423
10,G,0.2133146545772541,0.1856560961016247,0.42770803608413493,0.17332121323698624
11,T,0.16697957839262187,0.2790513833992095,0.2195240447957839,0.3344449934123847
11,C,0.18628577508245558,0.3341100117033727,0.2377841614356137,0.241820051778558
11,A,0.22493899583446303,0.28384313918809,0.22924256242143404,0.2619753025560129
11,G,0.2140444817750713,0.18811486167252875,0.4275570021173465,0.17028365443505347
12,C,0.1883455856975219,0.3351237316214537,0.2398314005660247,0.23669928211499966
12,G,0.20680439625601726,0.19592905704508673,0.42364408280246907,0.1736224638964269
12,T,0.200765075642529,0.2672238134599489,0.22020434055477595,0.3118067703427462
12,A,0.2335515360321562,0.2716968130921619,0.2351363766867643,0.2596152741889176
13,C,0.1829294201163809,0.34054107271474243,0.23681387865503895,0.2397156285138377
13,G,0.2062420257140053,0.1962950240455393,0.4241240553538129,0.17333889488664245
13,A,0.22109996006235427,0.2698947449788073,0.23764831682147872,0.27135697813735976
13,T,0.18987606891310463,0.27513778432041364,0.2385568700668426,0.29642927669963914
14,T,0.18946325919865653,0.2771258997710652,0.19723555880896507,0.33617528222131315
14,C,0.18221241126410576,0.3311560243906852,0.24322531227194047,0.24340625207326855
14,G,0.20197322057787173,0.19078224101479915,0.4351740662438337,0.1720704721634954
14,A,0.20846699238349042,0.24622875849249043,0.2655250127490171,0.27977923637500207
15,T,0.19953436303459018,0.2580959179700175,0.2064134596664287,0.3359562593289636
15,G,0.21154561124818333,0.18401324906208807,0.4183526548822118,0.1860884848075168
15,C,0.1883857031238031,0.3635270326168554,0.2133347632252233,0.23475250103411824
15,A,0.20220332747414463,0.2711237378898745,0.23781833789805013,0.28885459673793074
16,T,0.16709319998038927,0.2564985046820611,0.21613962837672207,0.3602686669608276
16,G,0.20602787456445992,0.1938240418118467,0.40385017421602787,0.1962979094076655
16,A,0.19129951782168858,0.2745225489269169,0.24077006712678453,0.29340786612461
16,C,0.17438490417970876,0.348627125747969,0.21839357214835425,0.258594397923968
17,A,0.22412255067827372,0.28529022732166476,0.23101295025992802,0.2595742717401335
17,T,0.1741341030195382,0.2976576376554174,0.207693161634103,0.3205150976909414
17,G,0.19801896555365478,0.1997719064816575,0.4097657817482946,0.19244334621639317
17,C,0.19237930287941113,0.33109980515263043,0.236652955185105,0.23986793678285342
18,C,0.1774336398447472,0.350217510224283,0.22822944072520773,0.24411940920576206
18,G,0.22230753480753482,0.21217239967239968,0.3957949426699427,0.16972512285012284
18,A,0.22081038337786987,0.2658740979076912,0.22142844158441038,0.29188707713002854
18,T,0.21231807200518532,0.2633462966236521,0.20990218608214012,0.31443344528902245
19,T,0.17502503934754615,0.27487838031191875,0.22467448848190014,0.325422091858635
19,C,0.18572052947052947,0.35748626373626374,0.21617445054945056,0.24061875624375625
19,G,0.2218705035971223,0.18265387689848123,0.40837729816147084,0.18709832134292567
19,A,0.21537234572824246,0.2998305253713488,0.210268168677101,0.27452896022330775
20,A,0.27610901133877064,0.2532325442609907,0.19126715735030833,0.2793912870499304
20,T,0.17037386585444328,0.2553784775101349,0.2309474271251153,0.34330022951030653
20,G,0.19852179183857027,0.19578436931740414,0.4364820209999413,0.16921181784408423
20,C,0.17823371299286447,0.32359368050586895,0.23019356834838436,0.26797903815288227
21,T,0.1633912824389015,0.26112370874275637,0.19669942050894432,0.37878558830939785
21,A,0.1848018023503623,0.25924009011751814,0.2254460208244535,0.3305120867076661
21,G,0.21732393100970177,0.21680740208408192,0.3895526410348545,0.17631602587136183
21,C,0.20211966325917016,0.33265684505913007,0.2306323912607737,0.23459110042092604
22,T,0.1719702688577899,0.294785436385808,0.2282968468730039,0.30494744788339817
22,A,0.218518803945746,0.28814734895191124,0.20090937114673244,0.29242447595561033
22,G,0.25592755527623834,0.1893389704622065,0.37047934639776037,0.18425412786379478
22,C,0.18953370350468685,0.32234760284196073,0.23183473640217325,0.2562839572511792
23,T,0.17243335224049916,0.28345622991113634,0.18789941387785972,0.3562110039705048
23,A,0.20634049558866985,0.24800540335176663,0.21807590020684706,0.32757820085271644
23,G,0.2531982755599173,0.20083418036521677,0.36451578984262734,0.1814517542322386
23,C,0.17391304347826086,0.33145780051150897,0.23870417732310314,0.25592497868712705
24,T,0.20190564526329102,0.2780049749146254,0.20831400986550866,0.3117753699565749
24,C,0.1788805539526832,0.3345909716365573,0.21705357539171735,0.26947489901904215
24,A,0.24935064935064935,0.20376358335542008,0.24155844155844156,0.305327325735489
24,G,0.23127094036184945,0.19115479115479114,0.3949073039982131,0.1826669644851463
25,T,0.1819028317905461,0.32349235909514157,0.18091690858300927,0.3136879005313031
25,C,0.23963723362822012,0.30384465587269793,0.21437712123741168,0.24214098926167027
25,G,0.21323136164295647,0.18274681784148036,0.4136806075516098,0.19034121296395337
25,A,0.18987951807228914,0.3155421686746988,0.20740963855421687,0.2871686746987952
26,C,0.1449964345139054,0.35553838840028523,0.2516044687425719,0.24786070834323745
26,A,0.24364914523086756,0.2269531874101294,0.18996644831442722,0.3394312190445758
26,G,0.20951333516634588,0.22387957107506187,0.3557189991751443,0.2108880945834479
26,T,0.15348271171880593,0.3256496528026344,0.17281122485503614,0.3480564106235235
27,G,0.18945780459668116,0.2896441565356287,0.3597479811873281,0.16115005768036206
27,T,0.1564403506165503,0.2585054226712227,0.23406626058535135,0.35098796612687566
27,A,0.20772893367290443,0.22079503930904662,0.2775993799136308,0.29387664710441813
27,C,0.155517578125,0.32470703125,0.20450846354166666,0.3152669270833333
28,T,0.2562270099842354,0.2953231739358907,0.19138202837624804,0.25706778770362587
28,A,0.24996300133195204,0.2692023087168862,0.18972916974988902,0.2911055202012727
28,G,0.18293437886917044,0.2696037969459348,0.3871234007428807,0.16033842344201404
28,C,0.21103896103896103,0.3249797077922078,0.19906655844155843,0.2649147727272727
29,T,0.19230769230769232,0.26099970068841666,0.18228075426519005,0.36441185273870097
29,G,0.1836235038084875,0.2365342763873776,0.36561479869423286,0.21422742110990206
29,A,0.17863853157970805,0.2545165486341957,0.1971383147853736,0.36970660500072267
29,C,0.14376422666826405,0.35833233497064815,0.19084701090212053,0.3070564274589673
30,G,0.19414703783012136,0.16809421841541755,0.4002498215560314,0.2375089221984297
30,C,0.19975768590034831,0.4028471906709072,0.167348175071937,0.2300469483568075
30,A,0.21497076023391812,0.2430409356725146,0.19251461988304094,0.3494736842105263
30,T,0.18021853270895416,0.2701858947069675,0.13495104299702002,0.41464452958705833
31,G,0.2658092175777063,0.17684887459807075,0.3491425509110397,0.20819935691318328
31,C,0.15831183192038334,0.22134168816807961,0.4318098046443052,0.18853667526723183
31,T,0.12673402979962323,0.28446651823942454,0.1971227949991437,0.39167665696180853
31,A,0.19200420831141504,0.21120462914255655,0.16570226196738558,0.4310889005786428
32,G,0.2054367201426025,0.4494206773618538,0.1980837789661319,0.14705882352941177
32,T,0.21881344461989624,0.31423415294383034,0.14640198511166252,0.32055041732461087
32,A,0.20970266040688576,0.2476525821596244,0.23630672926447574,0.30633802816901406
32,C,0.18152958152958154,0.2331890331890332,0.30793650793650795,0.27734487734487734
33,C,0.13402385436283742,0.5134965473948525,0.1657250470809793,0.18675455116133083
33,A,0.25462962962962965,0.26157407407407407,0.1962962962962963,0.2875
33,T,0.13992206872121857,0.2989727240524265,0.17392844491675521,0.38717676230959974
33,G,0.168141592920354,0.3024240092343209,0.2885725278953444,0.24086186994998077
34,C,0.0912,0.24992,0.41312,0.24576
34,G,0.1955503512880562,0.19613583138173302,0.38173302107728335,0.2265807962529274
34,T,0.1646288209606987,0.2668122270742358,0.13842794759825328,0.43013100436681223
34,A,0.14634146341463414,0.3170731707317073,0.19372822299651568,0.34285714285714286
35,G,0.5098777046095955,0.15004703668861713,0.2516462841015992,0.08842897460018814
35,T,0.16387620497209537,0.41907661085743275,0.12734652460679857,0.28970065956367325
35,C,0.18204645323289392,0.4645323289391086,0.1431261770244821,0.21029504080351538
35,A,0.1778006166495375,0.2589928057553957,0.2579650565262076,0.3052415210688592
36,A,0.12874583795782463,0.27192008879023305,0.10654827968923418,0.49278579356270813
36,T,0.16176470588235295,0.3382352941176471,0.15384615384615385,0.34615384615384615
36,G,0.2824858757062147,0.2641242937853107,0.327683615819209,0.12570621468926554
36,C,0.12110960757780785,0.1955345060893099,0.45737483085250336,0.2259810554803789
37,C,0.13388429752066117,0.3669421487603306,0.19008264462809918,0.3090909090909091
37,T,0.28785607196401797,0.335832083958021,0.1409295352323838,0.2353823088455772
37,G,0.2502994011976048,0.4359281437125748,0.22275449101796407,0.09101796407185629
37,A,0.21040723981900453,0.3190045248868778,0.16063348416289594,0.30995475113122173
38,C,0.2392857142857143,0.3107142857142857,0.25357142857142856,0.19642857142857142
38,T,0.310580204778157,0.27986348122866894,0.16040955631399317,0.24914675767918087
38,A,0.08157099697885196,0.5015105740181269,0.19939577039274925,0.2175226586102719
38,G,0.24897959183673468,0.3795918367346939,0.3020408163265306,0.06938775510204082
