Length,Base,A,C,G,T
0,C,0.1743890244713931,0.46830381791139797,0.1932339934213011,0.16407316419590784
0,T,0.16782095677824804,0.3312122019317094,0.224020086621087,0.2769467546689555
0,A,0.2423773594692822,0.2824834037927422,0.28802017142554287,0.1871190653124327
0,G,0.2121911107996075,0.17584468930852876,0.4378103910927769,0.17415380879908685
1,C,0.18153399900611225,0.41712248382935485,0.2177595533324623,0.18358396383207062
1,G,0.21397774316187843,0.16641582068194552,0.4658871393930243,0.15371929676315174
1,A,0.2550087032503693,0.27796903683699015,0.2784089051538895,0.18861335475875105
1,T,0.19158781563830754,0.3157604291321805,0.22981238241326557,0.26283937281624636
2,T,0.199421212696086,0.3130800981770321,0.2319909599833151,0.25550772914356684
2,G,0.20543836546223596,0.15887982995229594,0.47952064036727465,0.15616116421819343
2,A,0.2625674104743942,0.27495338267312636,0.2776754920242089,0.18480371482827054
2,C,0.17609938657131732,0.39843269756011984,0.2406869659597713,0.18478094990879151
3,C,0.16745575085608191,0.3972114938300798,0.24128723189966983,0.19404552341416847
3,G,0.19755882702812189,0.15697066927298506,0.49029703670600794,0.15517346699288515
3,A,0.25466053410454187,0.2736599436636668,0.28123914861183713,0.19044037361995414
3,T,0.19190675577517957,0.31328017859095997,0.23018826650662283,0.26462479912723763
4,T,0.18746005164523305,0.2989191573134252,0.24573830951346098,0.26788248152788074
4,C,0.1589497846536806,0.39493079688090943,0.24495525971991883,0.20116415874549115
4,A,0.24454166905372848,0.27171497577257886,0.28769271127004753,0.19605064390364513
4,G,0.1863166748517522,0.156896178908867,0.5019891590374339,0.15479798720194682
5,T,0.18189517616120357,0.2901938690600844,0.2596670441130412,0.2682439106656708
5,A,0.24635739596737977,0.2626561857284642,0.2973255493624264,0.19366086894172965
5,C,0.15779811727823864,0.39336811942701067,0.2523043406437125,0.19652942265103818
5,G,0.1761210374090403,0.15421869721267012,0.514729882434177,0.15493038294411254
6,A,0.24341845077165383,0.2668120624538893,0.2932955273449696,0.19647395942948728
6,T,0.179990214280448,0.29449430395159865,0.2543460435978382,0.27116943817011513
6,C,0.15902884594802041,0.39156547293226873,0.24968426331674887,0.19972141780296196
6,G,0.1766030596838448,0.15719959495267374,0.5114195453525671,0.15477780001091446
7,C,0.15619872775466642,0.3775080047131159,0.2563117463500173,0.2099815211822004
7,G,0.17384327121814808,0.1525786890580493,0.513232599848142,0.16034543987566066
7,T,0.18342139407964259,0.272347142150109,0.27114059845637317,0.2730908653138753
7,A,0.24017131258755917,0.2616239947933328,0.29202563621722394,0.2061790564018841
8,C,0.16007398581245844,0.38308440478829525,0.26091775659499,0.19592385280425625
8,G,0.17401340188882533,0.15101759426530542,0.510217451331075,0.16475155251479423
8,T,0.18165569234010093,0.276693466791358,0.2715387782590239,0.2701120626095172
8,A,0.2532732897473378,0.2505164697426852,0.29164308555516594,0.20456715495481106
9,T,0.18465007682943865,0.2798866516333739,0.25203248787691324,0.2834307836602742
9,C,0.1626416868853263,0.3829072749670395,0.24796394972117003,0.20648708842646418
9,G,0.1804551852039479,0.15269166301405465,0.508229940552363,0.15862321122963438
9,A,0.2526218175687068,0.2580214129151914,0.2842058674759737,0.20515090204012815
10,T,0.18747965030105404,0.2654961438839132,0.27194973199142763,0.27507447382360517
10,G,0.1816446402349486,0.15260363718513498,0.5003078052637524,0.165443917316164
10,A,0.25443191691521305,0.2525366976439325,0.27603640040444893,0.2169949850364055
10,C,0.1659525461555519,0.3753996809705363,0.2513143870843139,0.20733338578959792
11,C,0.17357018753694317,0.36823604220029016,0.2554093750559745,0.20278439520679217
11,T,0.18582981610340957,0.26470182095448513,0.26415547457087796,0.28531288837122737
11,G,0.18768930734941136,0.15371399588524404,0.49218482112241396,0.1664118756429306
11,A,0.26982596783195495,0.2577312395352377,0.27755720736719264,0.1948855852656147
12,A,0.2607444787187397,0.26355223582082665,0.27518327346015675,0.20052001200027694
12,G,0.1883084699294954,0.15805266189491732,0.48848216398683675,0.16515670418875053
12,C,0.1710488379849738,0.3740834751344048,0.2465416555958189,0.2083260312848025
12,T,0.1929176690519606,0.270529106204318,0.25296118661988015,0.2835920381238412
13,G,0.18619204822735755,0.15360413377350365,0.4853394574422276,0.17486436055691115
13,C,0.1801184862101776,0.3537778765548711,0.25180750505267985,0.21429613218227153
13,T,0.19142023604296513,0.2671491086820619,0.25982723018925113,0.28160342508572184
13,A,0.270919493022856,0.25580951107460437,0.2723521714629557,0.20091882443958395
14,T,0.19247220837632004,0.26807469832033104,0.277811909536671,0.2616411837666779
14,C,0.17392768820301904,0.36261379047483977,0.2607763014439313,0.20268221987820983
14,G,0.18956366438380826,0.16255824169493235,0.4770381892684051,0.17083990465285429
14,A,0.2731637576696253,0.25244534461190204,0.2767856079108834,0.1976052898075892
15,A,0.2802502551359986,0.25751726790019375,0.26577036281078525,0.19646211415302245
15,T,0.19177263673969663,0.28100199172667384,0.2512180174659108,0.2760073540677187
15,G,0.19687565932906675,0.1619575919544272,0.47713446796539843,0.16403228075110768
15,C,0.17193855734757202,0.36582718431699324,0.2567895008058592,0.20544475752957558
16,T,0.1962567450284895,0.2741783328930984,0.2579713973057621,0.2715935247726501
16,C,0.17989911693510216,0.36520751348939107,0.25161264148647006,0.20328072808903674
16,A,0.2818517073862629,0.2608063543845963,0.2625261515549094,0.1948157866742314
16,G,0.19921605057153538,0.16385902504786395,0.46921412468421114,0.16771079969638952
17,G,0.1990985834883388,0.17041064529975677,0.46212619831163254,0.16836457290027185
17,C,0.18248235644942182,0.36380504290778964,0.25511083131771645,0.19860176932507206
17,A,0.2846892058460997,0.2644171509068498,0.26468128191583024,0.1862123613312203
17,T,0.20132670760864468,0.273381463597581,0.2540434109980779,0.2712484177956964
18,G,0.20048156349959576,0.16671939259727933,0.4653942142078808,0.16740482969524412
18,T,0.18889252461552192,0.278371062260166,0.25885712585894044,0.2738792872653717
18,A,0.2852002040980745,0.26481725165829684,0.26081585519778716,0.1891666890458415
18,C,0.18263122185900205,0.3731162236065709,0.24916219494644215,0.19509035958798496
19,T,0.19640771028037382,0.2754453855140187,0.250182535046729,0.2779643691588785
19,A,0.2917533604148089,0.2678423990224248,0.24964496845998876,0.19075927210277752
19,C,0.1836384727896303,0.35731578151006205,0.255913653099309,0.20313209260099863
19,G,0.19694892385367022,0.1663946377663163,0.45892363604709363,0.17773280233291985
20,C,0.18119244721421263,0.3612067094533842,0.25929370911233063,0.19830713422007254
20,G,0.20624812909897405,0.16485699512885404,0.4574523090320298,0.17144256674014205
20,A,0.305711496216744,0.2584818159628997,0.24871857456675617,0.1870881132536002
20,T,0.19222886049452706,0.2655357376477258,0.2510139112991147,0.29122149055863245
21,A,0.299617008740057,0.2616615928508298,0.24909162329372483,0.1896297751153884
21,G,0.20683363741914082,0.1695140155913087,0.45397246641234035,0.16967988057721015
21,T,0.19183762549105193,0.28802924487123527,0.24978175469227412,0.27035137494543865
21,C,0.18774261851546878,0.3717601850762655,0.24930400345057444,0.19119319295769124
22,C,0.2014984044767146,0.3473153586458863,0.25223142024695927,0.19895481663043982
22,T,0.19723730327812522,0.2663734451240465,0.26506769294206584,0.2713215586557625
22,G,0.21272727272727274,0.16355371900826446,0.4502479338842975,0.1734710743801653
22,A,0.30320263394193353,0.25734809937144565,0.2527387009877282,0.18671056569889255
23,C,0.18645870258773484,0.36594588207491435,0.2525109299302848,0.19508448540706605
23,G,0.21473082030850954,0.17080396363264888,0.4396771886811727,0.17478802737766883
23,T,0.19576459000246244,0.2696380201920709,0.25732578182713617,0.27727160797833045
23,A,0.30095074701551217,0.24040317392236757,0.2521266709557509,0.2065194081063693
24,C,0.19248415993008522,0.36443084990168234,0.24659529531716554,0.19648969485106693
24,G,0.21190461129736227,0.16787905623379087,0.4435448162439117,0.17667151622493515
24,A,0.308410367953598,0.25865506615914446,0.25031720137756025,0.1826173645096973
24,T,0.19993928968936558,0.2729940301527876,0.25073358292016595,0.27633309723768085
25,T,0.1987569919204475,0.2861404599129894,0.2549409571162213,0.2601615910503418
25,G,0.2141219261484937,0.16707519569858464,0.44548114177275244,0.1733217363801692
25,C,0.1850511824920579,0.3498941051888457,0.2528238616307801,0.21223085068831626
25,A,0.3145883380650797,0.26348547717842324,0.2380432408822887,0.18388294387420834
26,C,0.17837547068316298,0.3565357719203873,0.25895642818719744,0.20613232920925229
26,A,0.29100957002291417,0.2651300714381992,0.26256907939075347,0.18129127914813317
26,G,0.20925925925925926,0.1621832358674464,0.45194931773879143,0.17660818713450294
26,T,0.22103469640644363,0.27757125154894674,0.2338909541511772,0.26750309789343246
27,T,0.20320243995425086,0.28135722455203965,0.2561951963400686,0.2592451391536409
27,A,0.28944689514760774,0.2824906684764167,0.23871733966745842,0.18934509670851712
27,G,0.21840433043068957,0.16356789832901858,0.4445751941633326,0.1734525770769593
27,C,0.1876996805111821,0.37247071352502664,0.2409478168264111,0.1988817891373802
28,A,0.3258124611881598,0.2533636928172221,0.237217967294556,0.1836058787000621
28,G,0.21180237877401648,0.16087221713937175,0.4473924977127173,0.17993290637389447
28,T,0.18406527477801776,0.279337652987761,0.25869930405567554,0.2778977681785457
28,C,0.19135308246597277,0.34715772618094476,0.2598879103282626,0.20160128102481986
29,G,0.21013551141637274,0.16762576573231855,0.44737330610729537,0.17486541674401337
29,A,0.3253926701570681,0.2630890052356021,0.23167539267015708,0.17984293193717277
29,C,0.181419624217119,0.3734864300626305,0.2638830897703549,0.1812108559498956
29,T,0.19347517730496455,0.30553191489361703,0.2422695035460993,0.25872340425531914
30,C,0.17119565217391305,0.3606719367588933,0.28310276679841895,0.1850296442687747
30,G,0.21014994232987314,0.15732410611303344,0.45213379469434833,0.1803921568627451
30,A,0.3183726186632225,0.2537939941879238,0.24120116241524056,0.18663222473361318
30,T,0.20528211284513806,0.3017206882753101,0.23569427771108442,0.25730292116846737
31,C,0.19087673891944354,0.3497250080879974,0.2604335166612747,0.19896473633128436
31,G,0.24696356275303644,0.15558126084441873,0.4401388085598612,0.15731636784268363
31,T,0.2200695479384004,0.2727272727272727,0.2667660208643815,0.24043715846994534
31,A,0.3121951219512195,0.26422764227642276,0.22560975609756098,0.19796747967479675
32,T,0.19637273295809882,0.24765478424015008,0.2582864290181363,0.29768605378361473
32,A,0.31108930323846906,0.28213935230618253,0.24141315014720313,0.16535819430814525
32,C,0.19539730785931395,0.3612679114198871,0.2653061224489796,0.17802865827181938
32,G,0.2099364960776989,0.17183414269704894,0.42286141202839,0.19536794919686215
33,G,0.20115218434949592,0.14066250600096014,0.4723955832933269,0.185789726356217
33,T,0.2250196695515342,0.2690794649881983,0.23760818253343824,0.2682926829268293
33,C,0.19088937093275488,0.3324295010845987,0.21800433839479394,0.2586767895878525
33,A,0.3107266435986159,0.24013840830449826,0.25397923875432526,0.19515570934256055
34,T,0.28014505893019037,0.2728921124206709,0.23209428830462375,0.21486854034451497
34,C,0.20647149460708783,0.29738058551617874,0.29044684129429893,0.20570107858243453
34,A,0.3291814946619217,0.2393238434163701,0.24377224199288255,0.18772241992882563
34,G,0.2092245989304813,0.18382352941176472,0.42245989304812837,0.18449197860962566
35,A,0.39666666666666667,0.19111111111111112,0.25222222222222224,0.16
35,T,0.18209876543209877,0.2762345679012346,0.2932098765432099,0.24845679012345678
35,G,0.21150442477876105,0.12743362831858407,0.4920353982300885,0.16902654867256636
35,C,0.21252796420581654,0.3344519015659955,0.2516778523489933,0.20134228187919462
36,G,0.19951923076923078,0.13701923076923078,0.4951923076923077,0.16826923076923078
36,C,0.24551971326164876,0.3064516129032258,0.24014336917562723,0.2078853046594982
36,A,0.3471337579617834,0.2085987261146497,0.2914012738853503,0.15286624203821655
36,T,0.18615751789976134,0.27684964200477324,0.26968973747016706,0.26730310262529833
37,T,0.26217228464419473,0.250936329588015,0.2696629213483146,0.21722846441947566
37,G,0.14829659318637275,0.11222444889779559,0.5531062124248497,0.18637274549098196
37,A,0.33903133903133903,0.19658119658119658,0.2706552706552707,0.19373219373219372
37,C,0.22752808988764045,0.2893258426966292,0.25,0.23314606741573032
38,A,0.3263888888888889,0.11805555555555555,0.2638888888888889,0.2916666666666667
38,G,0.14960629921259844,0.19291338582677164,0.468503937007874,0.1889763779527559
38,T,0.21739130434782608,0.26956521739130435,0.24347826086956523,0.26956521739130435
38,C,0.22929936305732485,0.2802547770700637,0.20382165605095542,0.28662420382165604
